258
NL0000235190;03/03/14;52.75;52.80;51.45;51.70;3185980
NL0000235190;04/03/14;52.18;53.39;52.05;53.36;2571513
NL0000235190;05/03/14;53.13;53.14;52.33;52.75;2305663
NL0000235190;06/03/14;53.10;53.47;52.72;52.96;1972086
NL0000235190;07/03/14;52.86;52.88;51.29;51.31;3554832
NL0000235190;10/03/14;51.20;51.25;49.935;50.49;3676565
NL0000235190;11/03/14;50.56;51.20;50.26;50.36;1929159
NL0000235190;12/03/14;50.01;50.50;49.425;50.10;3111766
NL0000235190;13/03/14;50.13;50.66;50.02;50.11;3266030
NL0000235190;14/03/14;49.965;50.26;48.72;49.96;4347338
NL0000235190;17/03/14;49.95;50.62;49.705;50.36;2288878
NL0000235190;18/03/14;50.43;50.86;49.51;50.55;2497590
NL0000235190;19/03/14;50.85;52.13;50.52;51.33;3408191
NL0000235190;20/03/14;51.35;52.64;51.02;52.50;2574163
NL0000235190;21/03/14;52.60;52.71;51.90;51.90;4349839
NL0000235190;24/03/14;51.90;52.09;50.95;51.18;1890100
NL0000235190;25/03/14;51.33;52.36;51.26;52.01;1885750
NL0000235190;26/03/14;52.29;53.00;52.21;52.86;2091304
NL0000235190;27/03/14;52.93;53.26;52.09;52.20;2233425
NL0000235190;28/03/14;52.54;52.94;52.25;52.60;1694701
NL0000235190;31/03/14;52.72;52.89;51.86;51.99;1800277
NL0000235190;01/04/14;52.41;52.97;52.08;52.87;1968970
NL0000235190;02/04/14;52.97;53.12;52.45;52.49;1239399
NL0000235190;03/04/14;52.54;53.50;52.15;53.12;2598749
NL0000235190;04/04/14;53.25;54.19;53.18;54.00;2240449
NL0000235190;07/04/14;53.50;53.71;53.17;53.32;2069307
NL0000235190;08/04/14;53.26;53.46;50.89;51.35;4467679
NL0000235190;09/04/14;51.30;51.99;50.91;51.02;1936047
NL0000235190;10/04/14;51.25;51.42;50.04;50.07;2654407
NL0000235190;11/04/14;49.50;50.12;49.065;49.815;3343770
NL0000235190;14/04/14;49.50;49.67;47.935;49.005;4062397
NL0000235190;15/04/14;49.00;49.925;48.775;49.06;2615645
NL0000235190;16/04/14;49.90;50.70;49.715;50.59;2544558
NL0000235190;17/04/14;50.60;51.38;50.45;51.33;1812538
NL0000235190;22/04/14;51.59;51.88;51.16;51.37;1936146
NL0000235190;23/04/14;51.37;51.46;50.63;50.94;2173992
NL0000235190;24/04/14;51.08;51.37;50.14;50.88;1692272
NL0000235190;25/04/14;50.69;51.05;50.22;50.40;1142789
NL0000235190;28/04/14;50.58;50.91;50.07;50.40;1386296
NL0000235190;29/04/14;50.67;50.90;49.92;50.09;1343224
NL0000235190;30/04/14;49.24;49.79;49.13;49.49;3058174
NL0000235190;02/05/14;49.465;49.51;48.775;49.25;2189419
NL0000235190;05/05/14;48.61;49.215;48.31;49.135;2154924
NL0000235190;06/05/14;49.15;49.27;48.665;48.845;1742446
NL0000235190;07/05/14;48.79;48.79;48.10;48.555;2303893
NL0000235190;08/05/14;48.51;48.88;47.815;48.595;2739317
NL0000235190;09/05/14;48.345;48.895;48.265;48.66;2219115
NL0000235190;12/05/14;48.78;49.50;48.685;49.49;2757696
NL0000235190;13/05/14;51.93;52.96;51.50;52.54;5340334
NL0000235190;14/05/14;52.69;52.80;51.73;51.97;2203411
NL0000235190;15/05/14;51.99;52.24;50.82;50.85;2743758
NL0000235190;16/05/14;50.75;50.91;49.765;50.37;2904581
NL0000235190;19/05/14;50.29;51.39;49.75;51.32;2582322
NL0000235190;20/05/14;51.06;51.31;50.48;50.60;2433338
NL0000235190;21/05/14;50.38;50.65;50.05;50.38;1932679
NL0000235190;22/05/14;50.41;51.24;50.16;51.05;2173196
NL0000235190;23/05/14;51.05;51.85;51.01;51.59;1833373
NL0000235190;26/05/14;51.75;52.00;51.36;51.75;971686
NL0000235190;27/05/14;51.84;52.95;51.71;52.74;2601200
NL0000235190;28/05/14;52.37;53.33;52.37;53.12;2165997
NL0000235190;29/05/14;52.52;52.82;52.33;52.65;1276512
NL0000235190;30/05/14;52.46;52.89;52.35;52.61;1733650
NL0000235190;02/06/14;53.41;53.48;52.98;53.29;2528213
NL0000235190;03/06/14;53.35;53.41;52.55;52.68;1271265
NL0000235190;04/06/14;52.50;52.85;52.05;52.55;1233307
NL0000235190;05/06/14;52.55;53.80;52.27;53.48;2800867
NL0000235190;06/06/14;53.58;53.96;53.13;53.69;2038708
NL0000235190;09/06/14;53.92;53.97;53.05;53.22;1002275
NL0000235190;10/06/14;53.20;53.97;53.03;53.87;1703527
NL0000235190;11/06/14;51.90;52.64;51.53;52.21;5042034
NL0000235190;12/06/14;51.95;52.26;51.45;51.84;1860227
NL0000235190;13/06/14;51.86;51.88;50.94;51.28;1941607
NL0000235190;16/06/14;51.22;51.67;50.52;50.54;1969334
NL0000235190;17/06/14;50.91;51.27;50.50;50.74;2055893
NL0000235190;18/06/14;50.74;50.93;49.975;50.12;1912650
NL0000235190;19/06/14;50.75;50.88;50.43;50.60;2476200
NL0000235190;20/06/14;50.50;51.05;50.19;50.19;3209837
NL0000235190;23/06/14;50.11;50.25;49.10;49.355;2817163
NL0000235190;24/06/14;49.805;49.99;49.00;49.00;2012805
NL0000235190;25/06/14;48.945;49.35;48.55;49.05;2612707
NL0000235190;26/06/14;49.25;49.33;48.11;48.535;2534982
NL0000235190;27/06/14;48.80;49.43;48.65;49.29;1779301
NL0000235190;30/06/14;49.17;49.51;48.595;48.94;2463550
NL0000235190;01/07/14;48.72;48.855;47.675;47.945;3791864
NL0000235190;02/07/14;48.05;48.23;47.21;47.29;3762844
NL0000235190;03/07/14;47.335;47.77;46.85;47.765;3319367
NL0000235190;04/07/14;47.91;48.39;47.80;47.975;2414187
NL0000235190;07/07/14;47.98;48.23;47.255;47.255;1837572
NL0000235190;08/07/14;48.20;48.40;46.855;46.855;3299014
NL0000235190;09/07/14;47.155;47.46;46.56;47.005;3099722
NL0000235190;10/07/14;47.79;48.20;46.375;46.815;3314275
NL0000235190;11/07/14;47.005;47.635;46.945;47.11;3435348
NL0000235190;14/07/14;47.47;47.95;47.135;47.135;3010768
NL0000235190;15/07/14;47.24;47.37;46.505;46.505;3088549
NL0000235190;16/07/14;46.755;46.79;44.795;45.36;6787033
NL0000235190;17/07/14;45.215;45.70;44.86;44.98;3119815
NL0000235190;18/07/14;44.80;44.835;44.15;44.48;3273312
NL0000235190;21/07/14;44.515;44.555;43.25;43.29;3488965
NL0000235190;22/07/14;43.60;44.52;43.505;44.405;3929876
NL0000235190;23/07/14;44.47;45.56;44.315;44.925;3938685
NL0000235190;24/07/14;45.13;45.60;44.715;45.36;2579869
NL0000235190;25/07/14;45.40;45.48;44.37;44.50;2639624
NL0000235190;28/07/14;44.69;44.78;43.745;44.02;2921934
NL0000235190;29/07/14;44.125;44.135;43.32;43.685;3725767
NL0000235190;30/07/14;45.88;46.075;44.865;45.00;4859575
NL0000235190;31/07/14;44.90;44.99;43.12;43.36;4756948
NL0000235190;01/08/14;43.26;43.35;41.86;42.675;4678199
NL0000235190;04/08/14;42.705;43.04;42.22;42.59;2443497
NL0000235190;05/08/14;42.69;42.69;41.61;42.45;3425125
NL0000235190;06/08/14;42.30;43.20;42.03;42.985;3926549
NL0000235190;07/08/14;43.185;43.20;42.405;42.56;2732244
NL0000235190;08/08/14;42.025;42.37;41.95;42.215;2117995
NL0000235190;11/08/14;42.46;43.44;42.325;43.345;2209816
NL0000235190;12/08/14;43.355;43.505;42.98;43.055;2315527
NL0000235190;13/08/14;43.26;43.34;42.73;43.095;1683542
NL0000235190;14/08/14;43.055;43.735;42.85;43.605;1767026
NL0000235190;15/08/14;43.79;44.305;43.15;43.47;2749705
NL0000235190;18/08/14;44.02;44.23;43.835;44.13;1623400
NL0000235190;19/08/14;44.35;44.75;44.27;44.655;1909093
NL0000235190;20/08/14;44.74;44.895;44.17;44.50;2128099
NL0000235190;21/08/14;44.59;44.69;44.19;44.685;2070268
NL0000235190;22/08/14;44.78;44.985;44.495;44.73;1920465
NL0000235190;25/08/14;45.15;45.995;45.15;45.945;1856039
NL0000235190;26/08/14;45.80;46.635;45.615;46.545;2442912
NL0000235190;27/08/14;46.51;47.00;46.45;46.765;2014430
NL0000235190;28/08/14;46.71;46.785;46.145;46.60;1859206
NL0000235190;29/08/14;46.795;46.845;46.24;46.805;1729514
NL0000235190;01/09/14;46.965;47.10;46.635;46.80;1428266
NL0000235190;02/09/14;46.875;47.17;46.72;47.00;1608293
NL0000235190;03/09/14;47.25;47.675;47.10;47.335;2293339
NL0000235190;04/09/14;47.115;48.875;46.78;48.875;4081483
NL0000235190;05/09/14;49.07;49.80;49.00;49.19;3297196
NL0000235190;08/09/14;49.245;49.495;48.37;48.89;2039253
NL0000235190;09/09/14;48.935;49.095;48.525;48.59;1823914
NL0000235190;10/09/14;48.54;48.72;48.28;48.40;1680707
NL0000235190;11/09/14;48.41;48.635;47.865;48.205;1816204
NL0000235190;12/09/14;48.435;48.515;47.975;48.50;2341948
NL0000235190;15/09/14;48.45;49.02;48.35;48.92;1450698
NL0000235190;16/09/14;49.015;49.26;48.465;49.07;2135634
NL0000235190;17/09/14;49.155;49.19;48.63;48.80;1709545
NL0000235190;18/09/14;48.85;49.765;48.475;49.55;1968423
NL0000235190;19/09/14;49.85;50.15;49.18;49.38;3278037
NL0000235190;22/09/14;49.075;49.455;48.945;49.165;1612406
NL0000235190;23/09/14;49.13;49.13;47.285;47.50;3100667
NL0000235190;24/09/14;47.49;47.56;46.62;47.54;2714549
NL0000235190;25/09/14;47.64;49.42;47.64;48.58;4115710
NL0000235190;26/09/14;48.64;49.475;48.345;49.34;2427716
NL0000235190;29/09/14;49.35;49.465;48.355;48.555;2161374
NL0000235190;30/09/14;48.645;50.17;48.62;49.82;3481996
NL0000235190;01/10/14;49.765;50.20;48.90;49.09;2499382
NL0000235190;02/10/14;48.96;49.675;47.87;47.87;3572859
NL0000235190;03/10/14;48.165;49.845;48.085;49.58;2947224
NL0000235190;06/10/14;50.13;50.35;49.715;49.925;2368745
NL0000235190;07/10/14;49.735;49.795;48.51;48.61;3499897
NL0000235190;08/10/14;48.335;48.985;47.26;47.58;3314996
NL0000235190;09/10/14;48.31;48.46;45.50;45.65;4860904
NL0000235190;10/10/14;45.30;46.08;44.07;45.44;5000960
NL0000235190;13/10/14;44.805;46.265;44.66;45.455;2867936
NL0000235190;14/10/14;45.03;46.09;44.415;45.905;3034247
NL0000235190;15/10/14;46.205;46.695;43.615;43.70;4677802
NL0000235190;16/10/14;44.50;44.52;41.05;42.75;7993544
NL0000235190;17/10/14;42.795;44.035;41.98;43.96;5999401
NL0000235190;20/10/14;43.915;44.095;43.305;43.67;2489536
NL0000235190;21/10/14;43.40;44.965;43.335;44.865;3143762
NL0000235190;22/10/14;45.10;45.64;44.785;45.21;3341269
NL0000235190;23/10/14;44.42;45.645;44.36;45.535;2639542
NL0000235190;24/10/14;45.095;45.60;44.975;45.29;2085574
NL0000235190;27/10/14;45.10;45.29;44.315;44.76;2452021
NL0000235190;28/10/14;44.635;45.67;44.63;45.415;2296543
NL0000235190;29/10/14;45.045;46.32;45.02;45.80;2312120
NL0000235190;30/10/14;45.025;46.325;44.675;45.905;3109545
NL0000235190;31/10/14;46.385;47.92;46.385;47.60;3612634
NL0000235190;03/11/14;47.245;48.09;47.245;47.55;2077246
NL0000235190;04/11/14;46.955;47.79;46.58;46.88;2361635
NL0000235190;05/11/14;46.90;48.095;46.90;47.82;2077599
NL0000235190;06/11/14;47.10;49.00;47.10;48.405;3165957
NL0000235190;07/11/14;48.33;48.865;47.83;48.24;2413621
NL0000235190;10/11/14;48.01;48.72;47.78;48.375;1868028
NL0000235190;11/11/14;48.25;48.84;48.25;48.65;1876155
NL0000235190;12/11/14;48.35;48.76;47.68;48.05;2136671
NL0000235190;13/11/14;48.00;48.45;47.24;47.70;2690626
NL0000235190;14/11/14;49.01;49.60;47.575;48.455;4542390
NL0000235190;17/11/14;47.05;48.23;47.03;47.945;2692168
NL0000235190;18/11/14;47.05;47.135;46.34;46.74;3480413
NL0000235190;19/11/14;46.43;47.39;46.42;47.00;2195197
NL0000235190;20/11/14;47.18;47.355;46.33;46.86;2326737
NL0000235190;21/11/14;47.245;48.335;47.165;48.275;3664538
NL0000235190;24/11/14;48.37;49.495;48.37;49.005;3126885
NL0000235190;25/11/14;49.155;49.835;49.055;49.575;2087101
NL0000235190;26/11/14;49.825;49.92;49.165;49.385;1425215
NL0000235190;27/11/14;49.435;49.95;49.065;49.79;1530766
NL0000235190;28/11/14;49.955;50.00;48.68;48.995;2600581
NL0000235190;01/12/14;48.605;48.995;48.515;48.745;1862036
NL0000235190;02/12/14;49.09;49.275;48.55;48.67;1741669
NL0000235190;03/12/14;48.665;48.92;48.395;48.425;1796219
NL0000235190;04/12/14;48.705;49.255;47.64;48.17;3263037
NL0000235190;05/12/14;48.89;49.96;48.645;49.83;2851204
NL0000235190;08/12/14;49.67;49.67;49.085;49.185;1684241
NL0000235190;09/12/14;48.765;48.975;48.065;48.195;2454925
NL0000235190;10/12/14;48.54;48.985;42.51;43.175;12469873
NL0000235190;11/12/14;43.50;43.50;40.55;41.32;13407198
NL0000235190;12/12/14;41.50;41.60;40.185;40.71;7812852
NL0000235190;15/12/14;41.375;41.45;40.455;40.545;5196224
NL0000235190;16/12/14;40.815;40.965;39.64;40.965;6790800
NL0000235190;17/12/14;40.50;41.185;40.225;40.95;3400401
NL0000235190;18/12/14;41.93;41.985;41.42;41.85;4142249
NL0000235190;19/12/14;42.25;42.33;41.565;41.69;4267587
NL0000235190;22/12/14;41.935;42.285;41.19;41.47;1820868
NL0000235190;23/12/14;41.625;41.74;41.33;41.74;2209221
NL0000235190;24/12/14;41.50;41.90;41.445;41.53;402987
NL0000235190;29/12/14;41.59;41.66;40.90;41.525;1926527
NL0000235190;30/12/14;41.35;41.435;40.94;40.94;1368751
NL0000235190;31/12/14;41.03;41.38;40.94;41.35;511732
NL0000235190;02/01/15;41.54;41.96;40.775;41.525;1903339
NL0000235190;05/01/15;41.125;43.20;41.065;41.65;4457274
NL0000235190;06/01/15;41.82;43.75;41.68;42.615;4785966
NL0000235190;07/01/15;43.00;44.215;42.81;43.725;4236974
NL0000235190;08/01/15;44.20;45.50;43.975;45.215;4548325
NL0000235190;09/01/15;45.245;45.69;44.30;44.55;4179216
NL0000235190;12/01/15;44.79;45.835;44.79;44.95;3293396
NL0000235190;13/01/15;44.11;45.985;43.74;45.565;3761440
NL0000235190;14/01/15;44.99;46.375;44.75;45.14;2928718
NL0000235190;15/01/15;45.535;46.38;44.74;46.27;5004208
NL0000235190;16/01/15;46.045;46.60;45.76;46.395;3860675
NL0000235190;19/01/15;46.44;46.93;46.345;46.65;2071579
NL0000235190;20/01/15;46.78;47.495;46.78;47.08;2755590
NL0000235190;21/01/15;47.335;47.365;46.04;46.82;3842891
NL0000235190;22/01/15;46.91;47.50;46.12;47.33;4747740
NL0000235190;23/01/15;47.87;49.98;47.70;49.28;6911057
NL0000235190;26/01/15;49.28;50.49;49.28;50.14;6327198
NL0000235190;27/01/15;50.30;51.20;48.895;49.07;4591955
NL0000235190;28/01/15;49.505;49.855;48.755;48.955;3778406
NL0000235190;29/01/15;48.555;49.495;47.66;48.275;4433819
NL0000235190;30/01/15;48.41;49.425;46.90;47.20;5944894
NL0000235190;02/02/15;47.03;47.595;46.555;46.87;2830148
NL0000235190;03/02/15;47.225;47.77;47.04;47.245;3064365
NL0000235190;04/02/15;47.015;47.645;46.59;47.635;2689667
NL0000235190;05/02/15;47.15;48.54;47.00;48.41;2708767
NL0000235190;06/02/15;48.175;48.46;48.05;48.345;2177587
NL0000235190;09/02/15;48.00;48.34;47.51;48.235;2569266
NL0000235190;10/02/15;48.48;50.02;48.48;49.735;3340873
NL0000235190;11/02/15;49.65;49.805;48.985;49.42;1823991
NL0000235190;12/02/15;49.245;49.935;49.125;49.775;1976894
NL0000235190;13/02/15;49.95;50.06;49.40;49.75;2540087
NL0000235190;16/02/15;50.25;50.72;50.25;50.45;1845654
NL0000235190;17/02/15;50.37;50.73;49.61;50.67;1861650
NL0000235190;18/02/15;50.93;51.44;50.41;51.39;1835841
NL0000235190;19/02/15;51.19;52.00;50.83;51.99;1817126
NL0000235190;20/02/15;51.77;52.47;51.76;52.46;2769517
NL0000235190;23/02/15;52.73;53.00;52.52;52.84;1880262
NL0000235190;24/02/15;52.63;52.88;51.52;51.85;2488759
NL0000235190;25/02/15;51.59;51.87;50.98;51.40;2069140
NL0000235190;26/02/15;51.47;51.82;51.09;51.63;2128171
NL0000235190;27/02/15;54.21;55.75;53.81;55.33;7139236
NL0000235190;02/03/15;55.85;56.79;55.17;56.09;3123916
NL0000235190;03/03/15;56.13;56.43;55.30;55.40;2417019
NL0000235190;04/03/15;55.33;56.90;55.32;56.52;3065353
NL0000235190;05/03/15;56.75;59.50;56.62;59.21;4599757
NL0000235190;06/03/15;58.50;59.49;58.21;59.42;3360363
