258
FR0000120172;03/03/14;26.41;26.46;25.95;25.95;4001369
FR0000120172;04/03/14;26.25;26.66;26.10;26.66;4623876
FR0000120172;05/03/14;27.00;27.92;26.625;27.825;7110030
FR0000120172;06/03/14;27.83;28.075;27.62;27.905;3162401
FR0000120172;07/03/14;27.94;28.50;27.90;28.015;3990799
FR0000120172;10/03/14;28.00;28.325;27.90;28.105;2774836
FR0000120172;11/03/14;28.165;28.20;27.60;27.705;3250348
FR0000120172;12/03/14;27.57;27.675;27.37;27.585;3630198
FR0000120172;13/03/14;27.645;27.735;26.97;27.14;4793941
FR0000120172;14/03/14;27.03;27.075;26.29;26.605;5378627
FR0000120172;17/03/14;26.55;27.035;26.465;27.035;2738372
FR0000120172;18/03/14;27.00;27.62;26.90;27.46;3349017
FR0000120172;19/03/14;27.445;27.66;27.27;27.455;2518771
FR0000120172;20/03/14;27.20;27.61;27.02;27.61;3336677
FR0000120172;21/03/14;27.615;27.845;27.445;27.56;4166260
FR0000120172;24/03/14;27.495;27.64;26.945;27.11;3161566
FR0000120172;25/03/14;27.22;27.48;27.115;27.31;2202819
FR0000120172;26/03/14;27.335;27.79;27.29;27.68;2768622
FR0000120172;27/03/14;27.59;27.745;27.48;27.715;2155822
FR0000120172;28/03/14;27.815;28.245;27.735;28.22;3212450
FR0000120172;31/03/14;28.265;28.32;28.02;28.095;2658880
FR0000120172;01/04/14;28.13;28.36;27.95;28.36;2839139
FR0000120172;02/04/14;28.30;28.74;28.14;28.61;3277364
FR0000120172;03/04/14;28.595;29.05;28.51;28.805;3451130
FR0000120172;04/04/14;28.85;29.13;28.82;29.01;5792658
FR0000120172;07/04/14;28.905;29.565;28.85;29.155;5020909
FR0000120172;08/04/14;29.20;29.235;28.065;29.00;6228010
FR0000120172;09/04/14;29.00;29.22;28.88;29.02;3629419
FR0000120172;10/04/14;28.90;29.155;28.68;28.83;4189168
FR0000120172;11/04/14;28.60;28.785;28.38;28.385;4204687
FR0000120172;14/04/14;28.35;28.515;28.07;28.37;4352068
FR0000120172;15/04/14;28.395;28.575;28.15;28.29;3821570
FR0000120172;16/04/14;28.50;28.685;28.405;28.60;3369202
FR0000120172;17/04/14;28.73;28.85;28.58;28.815;3021620
FR0000120172;22/04/14;28.87;29.30;28.76;29.20;3384276
FR0000120172;23/04/14;29.205;29.25;28.86;28.99;3113194
FR0000120172;24/04/14;28.29;28.365;27.69;28.05;3663875
FR0000120172;25/04/14;28.00;28.10;27.60;27.68;2988508
FR0000120172;28/04/14;27.785;27.995;27.55;27.845;1458294
FR0000120172;29/04/14;27.90;28.205;27.715;28.17;1815960
FR0000120172;30/04/14;28.10;28.225;27.895;28.03;1969504
FR0000120172;02/05/14;27.40;27.40;26.69;26.78;5544167
FR0000120172;05/05/14;26.835;26.90;26.39;26.765;2470046
FR0000120172;06/05/14;26.75;26.77;25.93;26.185;5841501
FR0000120172;07/05/14;26.23;26.58;26.135;26.50;3705266
FR0000120172;08/05/14;26.58;27.08;26.425;26.99;3812282
FR0000120172;09/05/14;26.91;26.98;26.415;26.56;2855446
FR0000120172;12/05/14;26.615;26.85;26.51;26.815;2997769
FR0000120172;13/05/14;26.80;26.80;26.60;26.68;3242375
FR0000120172;14/05/14;26.75;26.75;26.395;26.525;2660725
FR0000120172;15/05/14;26.60;26.71;26.17;26.215;4225478
FR0000120172;16/05/14;26.26;26.615;26.24;26.615;3606006
FR0000120172;19/05/14;26.64;27.015;26.50;26.895;2507051
FR0000120172;20/05/14;26.95;26.99;26.61;26.775;2175627
FR0000120172;21/05/14;26.785;26.785;26.51;26.655;2066116
FR0000120172;22/05/14;26.70;26.85;26.645;26.78;1647664
FR0000120172;23/05/14;26.82;27.21;26.745;26.96;1857838
FR0000120172;26/05/14;27.00;27.205;26.98;27.115;1117181
FR0000120172;27/05/14;27.14;27.14;26.925;26.955;1443391
FR0000120172;28/05/14;26.925;26.995;26.595;26.925;2215239
FR0000120172;29/05/14;26.94;27.00;26.80;27.00;1387125
FR0000120172;30/05/14;26.99;27.00;26.63;26.67;2495055
FR0000120172;02/06/14;26.715;26.80;26.54;26.675;1352811
FR0000120172;03/06/14;26.72;26.735;26.345;26.345;1678838
FR0000120172;04/06/14;26.355;26.395;26.02;26.39;2681954
FR0000120172;05/06/14;26.45;27.145;26.40;26.99;3830028
FR0000120172;06/06/14;27.00;27.00;26.45;26.775;2703074
FR0000120172;09/06/14;26.85;26.85;26.595;26.835;1417836
FR0000120172;10/06/14;26.85;27.05;26.70;26.99;1723286
FR0000120172;11/06/14;27.00;27.10;26.705;26.73;1813663
FR0000120172;12/06/14;26.85;26.925;26.53;26.53;1475572
FR0000120172;13/06/14;26.545;26.56;26.02;26.25;2180888
FR0000120172;16/06/14;26.185;26.235;25.865;25.955;2064031
FR0000120172;17/06/14;26.05;26.315;25.91;26.31;2290173
FR0000120172;18/06/14;26.26;26.45;26.00;26.20;1543490
FR0000120172;19/06/14;26.375;26.55;26.27;26.33;2206259
FR0000120172;20/06/14;26.385;26.55;26.23;26.29;3597041
FR0000120172;23/06/14;26.29;26.365;26.065;26.28;2450283
FR0000120172;24/06/14;26.29;26.41;26.185;26.35;2310022
FR0000120172;25/06/14;26.33;27.04;26.31;26.875;3788611
FR0000120172;26/06/14;26.945;27.235;26.66;26.985;2806561
FR0000120172;27/06/14;26.97;27.49;26.95;27.16;2144980
FR0000120172;30/06/14;27.165;27.245;26.85;26.94;2250076
FR0000120172;01/07/14;27.115;27.35;26.645;27.315;3726757
FR0000120172;02/07/14;27.37;28.255;27.31;27.875;4625210
FR0000120172;03/07/14;27.79;28.005;27.65;27.96;2251446
FR0000120172;04/07/14;27.85;28.045;27.73;27.745;1469820
FR0000120172;07/07/14;27.65;27.74;27.32;27.32;2191216
FR0000120172;08/07/14;27.46;27.59;27.05;27.13;2707332
FR0000120172;09/07/14;27.23;27.295;27.06;27.205;1717876
FR0000120172;10/07/14;27.10;27.195;26.655;26.78;2600682
FR0000120172;11/07/14;27.00;27.225;26.905;27.06;2075066
FR0000120172;14/07/14;27.05;27.48;27.05;27.405;1548993
FR0000120172;15/07/14;27.30;27.49;27.05;27.08;1653503
FR0000120172;16/07/14;27.15;27.665;27.125;27.59;2461713
FR0000120172;17/07/14;27.70;28.075;27.24;27.30;3542143
FR0000120172;18/07/14;27.20;27.40;26.91;27.395;2613155
FR0000120172;21/07/14;27.37;27.37;26.90;26.985;1722342
FR0000120172;22/07/14;27.045;27.36;26.875;27.335;1863689
FR0000120172;23/07/14;27.285;27.85;27.265;27.575;2104448
FR0000120172;24/07/14;27.52;27.825;27.315;27.625;1724779
FR0000120172;25/07/14;27.55;27.57;26.915;27.03;1985159
FR0000120172;28/07/14;27.145;27.225;26.715;26.98;1703392
FR0000120172;29/07/14;27.00;27.315;26.87;27.115;1504702
FR0000120172;30/07/14;27.105;27.515;27.025;27.125;1997512
FR0000120172;31/07/14;27.185;27.29;25.75;25.83;4612136
FR0000120172;01/08/14;25.935;25.98;25.13;25.75;4420462
FR0000120172;04/08/14;25.80;26.32;25.77;26.105;3135111
FR0000120172;05/08/14;26.14;26.39;26.065;26.235;2643781
FR0000120172;06/08/14;26.05;26.25;25.465;26.18;4850058
FR0000120172;07/08/14;26.095;26.385;25.805;25.84;4429833
FR0000120172;08/08/14;25.63;26.08;25.53;25.905;3741133
FR0000120172;11/08/14;26.05;26.185;25.82;26.08;2614786
FR0000120172;12/08/14;26.00;26.045;25.715;25.83;2606333
FR0000120172;13/08/14;25.95;26.11;25.815;26.005;2260914
FR0000120172;14/08/14;25.90;26.19;25.785;26.06;2224093
FR0000120172;15/08/14;26.05;26.40;25.885;25.93;3777757
FR0000120172;18/08/14;26.055;26.47;26.055;26.445;2347756
FR0000120172;19/08/14;26.485;26.625;26.385;26.575;1430816
FR0000120172;20/08/14;26.52;26.545;26.20;26.325;2657328
FR0000120172;21/08/14;26.32;26.65;26.025;26.65;2200037
FR0000120172;22/08/14;26.615;26.625;26.245;26.39;3220121
FR0000120172;25/08/14;26.56;26.75;26.445;26.615;1999275
FR0000120172;26/08/14;26.60;26.98;26.57;26.85;2153937
FR0000120172;27/08/14;26.80;26.95;26.56;26.60;2326884
FR0000120172;28/08/14;26.605;26.65;26.36;26.505;2593321
FR0000120172;29/08/14;26.50;26.55;26.02;26.385;3562186
FR0000120172;01/09/14;26.385;26.40;26.10;26.305;944823
FR0000120172;02/09/14;26.31;26.335;26.12;26.265;1284909
FR0000120172;03/09/14;26.30;26.745;26.235;26.305;2124242
FR0000120172;04/09/14;26.30;26.80;26.16;26.695;2777755
FR0000120172;05/09/14;26.70;26.70;26.075;26.18;2734342
FR0000120172;08/09/14;26.20;26.27;26.00;26.165;1548572
FR0000120172;09/09/14;26.10;26.275;26.10;26.105;1289195
FR0000120172;10/09/14;26.20;26.22;25.885;26.15;1928737
FR0000120172;11/09/14;26.20;26.26;25.835;25.92;2373611
FR0000120172;12/09/14;25.995;26.00;25.615;25.78;1960347
FR0000120172;15/09/14;25.775;25.80;25.44;25.465;2169367
FR0000120172;16/09/14;25.49;25.49;25.12;25.365;1759168
FR0000120172;17/09/14;25.48;25.76;25.455;25.665;2422934
FR0000120172;18/09/14;25.70;25.82;25.53;25.82;1859032
FR0000120172;19/09/14;25.96;25.96;25.605;25.81;4043175
FR0000120172;22/09/14;25.745;25.915;25.50;25.705;1596579
FR0000120172;23/09/14;25.70;25.705;25.08;25.15;2514150
FR0000120172;24/09/14;25.20;25.32;24.975;25.295;2097464
FR0000120172;25/09/14;25.30;25.42;24.515;24.54;3819138
FR0000120172;26/09/14;24.63;24.735;24.39;24.555;2971311
FR0000120172;29/09/14;24.595;24.695;24.20;24.32;2227920
FR0000120172;30/09/14;24.40;24.645;24.36;24.46;2435639
FR0000120172;01/10/14;24.455;24.505;23.735;23.74;3879439
FR0000120172;02/10/14;23.69;23.90;23.195;23.195;4569738
FR0000120172;03/10/14;23.50;23.72;23.19;23.36;3273480
FR0000120172;06/10/14;23.495;23.79;23.37;23.635;2935558
FR0000120172;07/10/14;23.645;23.80;23.45;23.495;3556940
FR0000120172;08/10/14;23.505;23.615;23.12;23.225;3147994
FR0000120172;09/10/14;23.50;23.50;22.805;22.885;3729909
FR0000120172;10/10/14;23.15;23.395;22.83;22.955;5432004
FR0000120172;13/10/14;22.81;22.945;22.47;22.575;3608714
FR0000120172;14/10/14;22.45;22.935;22.22;22.865;4027648
FR0000120172;15/10/14;22.80;22.895;22.065;22.09;4480549
FR0000120172;16/10/14;22.355;22.78;21.42;22.215;6906364
FR0000120172;17/10/14;22.505;23.185;22.195;23.145;6079526
FR0000120172;20/10/14;23.11;23.175;22.43;22.56;3567522
FR0000120172;21/10/14;22.47;23.095;22.465;22.93;3720021
FR0000120172;22/10/14;22.845;22.97;22.63;22.955;2622116
FR0000120172;23/10/14;22.86;23.05;22.47;22.98;3057637
FR0000120172;24/10/14;22.935;22.97;22.635;22.645;2437632
FR0000120172;27/10/14;22.725;22.82;22.29;22.45;2651181
FR0000120172;28/10/14;22.59;23.23;22.57;23.16;3538504
FR0000120172;29/10/14;23.22;23.315;23.01;23.14;1938736
FR0000120172;30/10/14;23.22;23.27;22.435;23.035;2562180
FR0000120172;31/10/14;23.32;23.445;22.855;23.37;3729034
FR0000120172;03/11/14;23.345;23.49;23.145;23.175;1911157
FR0000120172;04/11/14;23.17;23.52;23.065;23.085;2618498
FR0000120172;05/11/14;23.22;23.75;23.20;23.67;2649100
FR0000120172;06/11/14;23.655;24.24;23.59;24.005;3542863
FR0000120172;07/11/14;24.125;24.13;23.44;23.565;2578890
FR0000120172;10/11/14;23.60;23.775;23.50;23.75;1735665
FR0000120172;11/11/14;23.80;24.07;23.77;24.04;1959396
FR0000120172;12/11/14;24.025;24.12;23.63;23.645;2746072
FR0000120172;13/11/14;23.81;24.15;23.61;23.91;2309848
FR0000120172;14/11/14;23.96;24.08;23.795;24.035;1799081
FR0000120172;17/11/14;23.895;24.21;23.81;24.145;1897225
FR0000120172;18/11/14;24.19;24.635;24.115;24.545;2875656
FR0000120172;19/11/14;24.57;24.82;24.39;24.695;2125077
FR0000120172;20/11/14;24.65;24.67;24.265;24.545;2460441
FR0000120172;21/11/14;24.60;25.335;24.555;25.30;4893299
FR0000120172;24/11/14;25.345;25.76;25.295;25.67;3092511
FR0000120172;25/11/14;25.65;25.875;25.39;25.525;2633401
FR0000120172;26/11/14;25.50;25.69;25.41;25.47;1235200
FR0000120172;27/11/14;25.56;25.56;25.32;25.545;1397927
FR0000120172;28/11/14;25.64;25.64;25.28;25.445;2318303
FR0000120172;01/12/14;25.35;25.56;25.14;25.415;2030996
FR0000120172;02/12/14;25.52;25.56;25.19;25.38;1878190
FR0000120172;03/12/14;25.29;25.31;24.68;25.115;3304037
FR0000120172;04/12/14;25.12;25.195;24.345;24.345;5310850
FR0000120172;05/12/14;24.62;25.11;24.45;25.07;3424745
FR0000120172;08/12/14;24.96;25.05;24.73;24.73;1740507
FR0000120172;09/12/14;24.45;24.48;23.705;23.705;4797365
FR0000120172;10/12/14;23.81;23.99;23.37;23.49;2770675
FR0000120172;11/12/14;23.565;23.865;23.455;23.63;2338130
FR0000120172;12/12/14;23.495;23.51;23.08;23.16;4106607
FR0000120172;15/12/14;23.085;23.385;22.555;22.555;4091431
FR0000120172;16/12/14;22.74;23.245;22.25;23.215;5771804
FR0000120172;17/12/14;22.905;23.595;22.775;23.485;3965110
FR0000120172;18/12/14;23.80;24.425;23.55;24.425;4553873
FR0000120172;19/12/14;24.605;24.67;24.01;24.325;5209962
FR0000120172;22/12/14;24.315;24.665;24.245;24.475;2026341
FR0000120172;23/12/14;24.505;25.10;24.42;25.10;2502271
FR0000120172;24/12/14;25.085;25.10;24.86;24.87;398372
FR0000120172;29/12/14;25.00;25.225;24.71;25.225;1945563
FR0000120172;30/12/14;25.165;25.30;24.965;24.965;1377692
FR0000120172;31/12/14;24.96;25.30;24.96;25.30;583301
FR0000120172;02/01/15;25.295;25.46;24.875;25.075;1619354
FR0000120172;05/01/15;24.99;25.19;23.84;23.86;4247410
FR0000120172;06/01/15;24.035;24.16;23.545;23.67;3360067
FR0000120172;07/01/15;23.85;24.09;23.615;23.645;3040819
FR0000120172;08/01/15;23.915;24.75;23.85;24.72;4373828
FR0000120172;09/01/15;24.625;24.805;23.68;23.875;4315729
FR0000120172;12/01/15;23.985;24.51;23.95;24.445;3090995
FR0000120172;13/01/15;24.395;25.47;24.38;25.385;4643937
FR0000120172;14/01/15;25.06;26.375;25.01;25.955;6683462
FR0000120172;15/01/15;26.03;26.415;25.025;26.345;5447045
FR0000120172;16/01/15;26.71;27.465;26.48;27.38;5484723
FR0000120172;19/01/15;27.15;27.455;27.06;27.14;2469064
FR0000120172;20/01/15;27.35;28.065;27.27;27.49;3997273
FR0000120172;21/01/15;27.43;28.15;27.36;28.145;3753468
FR0000120172;22/01/15;28.025;28.205;27.535;28.045;5121080
FR0000120172;23/01/15;28.30;28.865;28.225;28.495;5184376
FR0000120172;26/01/15;28.34;28.60;28.16;28.56;3191961
FR0000120172;27/01/15;28.41;28.60;28.08;28.295;2808595
FR0000120172;28/01/15;28.42;28.49;27.825;27.97;2853042
FR0000120172;29/01/15;27.73;28.305;27.60;28.295;2498398
FR0000120172;30/01/15;28.27;28.335;27.665;27.845;3921233
FR0000120172;02/02/15;27.88;28.59;27.86;28.445;3973313
FR0000120172;03/02/15;28.46;28.77;28.36;28.64;3091597
FR0000120172;04/02/15;28.51;28.705;28.085;28.40;2980767
FR0000120172;05/02/15;28.00;28.56;27.96;28.45;3069830
FR0000120172;06/02/15;28.27;28.405;28.075;28.105;2182691
FR0000120172;09/02/15;28.00;28.40;27.735;28.29;3248816
FR0000120172;10/02/15;28.35;28.80;28.235;28.41;3142876
FR0000120172;11/02/15;28.225;28.355;28.09;28.145;2148877
FR0000120172;12/02/15;28.00;28.96;27.99;28.73;3036911
FR0000120172;13/02/15;28.695;29.20;28.65;28.885;2117203
FR0000120172;16/02/15;28.75;29.12;28.75;28.955;1355552
FR0000120172;17/02/15;28.61;29.245;28.605;28.985;2126316
FR0000120172;18/02/15;28.945;29.40;28.935;29.14;2402742
FR0000120172;19/02/15;29.05;29.795;29.05;29.60;2622939
FR0000120172;20/02/15;29.37;29.625;29.245;29.55;2589235
FR0000120172;23/02/15;29.62;29.76;29.285;29.445;2157752
FR0000120172;24/02/15;29.31;29.58;29.225;29.48;1729452
FR0000120172;25/02/15;29.34;29.50;28.87;29.24;2865669
FR0000120172;26/02/15;29.08;29.55;29.06;29.51;2025565
FR0000120172;27/02/15;29.31;29.595;29.31;29.565;2343772
FR0000120172;02/03/15;29.37;29.89;29.37;29.65;1734644
FR0000120172;03/03/15;29.51;29.88;29.19;29.31;2392950
FR0000120172;04/03/15;29.19;29.82;29.19;29.66;2815542
FR0000120172;05/03/15;29.685;30.715;29.685;30.365;5146540
FR0000120172;06/03/15;30.37;31.425;30.18;31.055;5161526
