258
FR0000125338;03/03/14;56.26;56.43;55.08;55.08;552949
FR0000125338;04/03/14;55.55;55.95;55.16;55.83;677907
FR0000125338;05/03/14;55.65;56.44;55.47;56.44;478281
FR0000125338;06/03/14;56.64;57.14;56.26;56.95;564952
FR0000125338;07/03/14;56.83;57.24;56.01;56.16;454816
FR0000125338;10/03/14;56.04;56.71;55.53;55.85;330337
FR0000125338;11/03/14;55.95;56.20;55.42;55.68;302584
FR0000125338;12/03/14;55.33;55.52;54.43;55.35;694559
FR0000125338;13/03/14;55.17;55.69;54.55;54.55;515944
FR0000125338;14/03/14;54.10;54.38;53.14;53.65;710661
FR0000125338;17/03/14;53.79;54.66;53.73;54.48;380174
FR0000125338;18/03/14;55.46;56.06;55.14;55.70;754713
FR0000125338;19/03/14;55.51;55.63;54.83;55.11;608538
FR0000125338;20/03/14;54.88;55.32;54.57;55.02;458760
FR0000125338;21/03/14;54.95;55.15;54.01;54.01;758837
FR0000125338;24/03/14;54.01;54.22;53.15;53.15;708235
FR0000125338;25/03/14;53.25;55.17;53.25;54.79;739843
FR0000125338;26/03/14;54.91;56.22;54.90;56.22;700763
FR0000125338;27/03/14;56.42;56.90;55.58;55.91;937112
FR0000125338;28/03/14;56.12;56.23;55.00;55.18;697036
FR0000125338;31/03/14;55.46;55.51;54.82;54.95;669627
FR0000125338;01/04/14;54.45;54.56;53.56;53.66;1080231
FR0000125338;02/04/14;53.95;54.21;53.03;53.36;602062
FR0000125338;03/04/14;53.60;53.98;52.91;53.25;742037
FR0000125338;04/04/14;53.40;54.08;53.29;54.03;854476
FR0000125338;07/04/14;53.46;53.66;52.95;53.19;592296
FR0000125338;08/04/14;53.20;53.40;52.01;52.40;866229
FR0000125338;09/04/14;52.48;53.13;52.47;52.81;440774
FR0000125338;10/04/14;52.91;53.26;52.24;52.35;581736
FR0000125338;11/04/14;51.90;52.00;50.96;51.19;1039120
FR0000125338;14/04/14;51.11;51.30;50.36;51.27;882916
FR0000125338;15/04/14;51.80;52.66;51.20;51.26;1089999
FR0000125338;16/04/14;51.82;52.14;51.35;51.86;534548
FR0000125338;17/04/14;51.52;51.90;51.16;51.55;770463
FR0000125338;22/04/14;51.86;52.72;51.84;52.59;667329
FR0000125338;23/04/14;52.54;52.76;52.19;52.67;523923
FR0000125338;24/04/14;52.90;53.14;52.54;52.93;836598
FR0000125338;25/04/14;52.87;53.29;52.67;52.75;569903
FR0000125338;28/04/14;52.85;53.13;51.77;52.18;678826
FR0000125338;29/04/14;52.10;52.22;51.00;51.34;1637469
FR0000125338;30/04/14;51.44;51.56;50.72;50.91;912883
FR0000125338;02/05/14;51.51;51.81;50.81;50.98;1117550
FR0000125338;05/05/14;51.19;51.30;50.38;51.17;599288
FR0000125338;06/05/14;51.25;51.53;50.95;51.11;511504
FR0000125338;07/05/14;50.94;51.03;49.86;49.985;1097371
FR0000125338;08/05/14;50.22;50.61;50.04;50.21;1168427
FR0000125338;09/05/14;49.99;50.62;49.77;50.62;740258
FR0000125338;12/05/14;50.70;51.44;50.43;51.36;723483
FR0000125338;13/05/14;51.54;51.92;51.46;51.73;676121
FR0000125338;14/05/14;51.73;51.73;51.02;51.32;583460
FR0000125338;15/05/14;51.32;51.55;50.68;50.69;871959
FR0000125338;16/05/14;49.585;49.90;47.79;48.785;1225043
FR0000125338;19/05/14;48.80;49.455;48.465;49.165;634051
FR0000125338;20/05/14;49.41;50.60;49.17;50.60;837220
FR0000125338;21/05/14;50.52;51.44;50.12;51.37;650223
FR0000125338;22/05/14;51.50;52.29;51.30;52.09;786911
FR0000125338;23/05/14;52.32;52.75;52.19;52.47;770711
FR0000125338;26/05/14;52.69;53.49;52.56;53.49;374455
FR0000125338;27/05/14;53.52;54.05;53.52;53.90;558561
FR0000125338;28/05/14;54.20;54.20;53.61;53.68;736927
FR0000125338;29/05/14;53.70;53.70;53.01;53.24;580345
FR0000125338;30/05/14;53.22;53.93;52.92;53.34;924642
FR0000125338;02/06/14;53.79;54.40;53.66;53.96;498231
FR0000125338;03/06/14;54.20;54.47;53.90;54.23;617728
FR0000125338;04/06/14;54.26;54.27;52.98;53.71;608364
FR0000125338;05/06/14;53.87;54.50;53.50;54.36;480985
FR0000125338;06/06/14;54.53;54.62;54.22;54.44;386547
FR0000125338;09/06/14;54.40;54.44;54.10;54.37;227938
FR0000125338;10/06/14;54.40;54.45;53.95;53.97;457787
FR0000125338;11/06/14;54.11;54.11;53.22;53.30;525433
FR0000125338;12/06/14;53.00;53.63;52.98;53.50;472934
FR0000125338;13/06/14;53.59;53.70;53.05;53.57;573931
FR0000125338;16/06/14;53.55;53.76;53.00;53.00;327412
FR0000125338;17/06/14;53.08;53.71;53.05;53.60;494783
FR0000125338;18/06/14;53.71;54.63;53.45;53.83;533214
FR0000125338;19/06/14;54.22;54.31;53.82;54.09;407847
FR0000125338;20/06/14;54.00;54.68;53.90;54.32;596080
FR0000125338;23/06/14;54.49;54.49;53.28;53.36;434821
FR0000125338;24/06/14;53.44;53.65;53.01;53.20;448095
FR0000125338;25/06/14;53.10;53.16;52.08;52.14;484821
FR0000125338;26/06/14;52.17;52.72;51.89;52.30;519437
FR0000125338;27/06/14;52.34;52.71;52.21;52.48;327103
FR0000125338;30/06/14;52.53;52.71;51.90;52.10;488395
FR0000125338;01/07/14;52.15;52.67;52.03;52.65;394524
FR0000125338;02/07/14;52.74;52.94;52.48;52.88;353367
FR0000125338;03/07/14;52.82;55.74;52.64;55.74;1198518
FR0000125338;04/07/14;55.65;55.70;54.56;54.76;521749
FR0000125338;07/07/14;54.78;55.08;53.65;53.71;478318
FR0000125338;08/07/14;53.68;53.99;52.90;52.90;429323
FR0000125338;09/07/14;52.90;53.52;52.72;53.41;420541
FR0000125338;10/07/14;53.54;53.54;51.39;51.81;769519
FR0000125338;11/07/14;52.02;52.23;50.60;51.22;918158
FR0000125338;14/07/14;51.68;52.45;51.39;52.42;528941
FR0000125338;15/07/14;52.32;52.32;50.65;50.75;846650
FR0000125338;16/07/14;50.90;51.96;50.30;51.63;696510
FR0000125338;17/07/14;51.43;51.51;50.48;50.49;707532
FR0000125338;18/07/14;50.40;50.43;49.86;50.36;806375
FR0000125338;21/07/14;50.36;51.35;49.99;50.94;797318
FR0000125338;22/07/14;51.00;52.21;50.87;52.21;763459
FR0000125338;23/07/14;52.23;52.85;52.00;52.17;492991
FR0000125338;24/07/14;52.19;52.98;51.82;52.36;487197
FR0000125338;25/07/14;52.22;52.47;51.93;52.00;448176
FR0000125338;28/07/14;52.55;53.12;52.01;52.49;460546
FR0000125338;29/07/14;52.83;53.40;52.43;53.19;516703
FR0000125338;30/07/14;53.35;53.39;52.38;52.91;442964
FR0000125338;31/07/14;54.05;55.24;53.68;54.23;1539412
FR0000125338;01/08/14;54.59;55.24;53.39;53.91;745415
FR0000125338;04/08/14;54.17;54.69;53.37;53.52;499698
FR0000125338;05/08/14;53.64;53.85;53.19;53.35;427946
FR0000125338;06/08/14;53.25;53.49;51.57;52.21;885917
FR0000125338;07/08/14;52.15;53.35;52.03;52.35;713132
FR0000125338;08/08/14;51.81;51.97;51.27;51.62;881086
FR0000125338;11/08/14;51.70;52.49;51.60;52.34;433240
FR0000125338;12/08/14;52.27;52.29;51.37;51.54;515077
FR0000125338;13/08/14;51.61;51.72;51.01;51.31;478507
FR0000125338;14/08/14;51.23;51.95;51.07;51.90;473531
FR0000125338;15/08/14;51.93;52.85;51.64;51.83;729206
FR0000125338;18/08/14;52.16;52.55;52.09;52.27;323206
FR0000125338;19/08/14;52.34;53.50;52.34;53.50;504188
FR0000125338;20/08/14;53.48;53.71;52.95;53.45;394642
FR0000125338;21/08/14;53.49;54.66;53.29;54.66;537840
FR0000125338;22/08/14;54.69;54.70;53.57;53.63;556392
FR0000125338;25/08/14;54.19;54.69;53.76;54.61;305424
FR0000125338;26/08/14;54.58;55.22;54.26;55.20;470304
FR0000125338;27/08/14;55.19;55.24;54.71;55.03;420139
FR0000125338;28/08/14;54.99;55.04;54.09;54.16;410862
FR0000125338;29/08/14;54.17;54.76;53.82;54.11;514314
FR0000125338;01/09/14;54.31;54.37;53.76;54.32;319795
FR0000125338;02/09/14;54.40;54.40;53.75;54.17;309330
FR0000125338;03/09/14;54.25;55.14;54.11;55.07;570713
FR0000125338;04/09/14;54.98;55.67;54.76;55.47;495843
FR0000125338;05/09/14;55.40;55.88;55.20;55.84;493901
FR0000125338;08/09/14;55.76;55.83;55.41;55.45;359415
FR0000125338;09/09/14;55.10;55.59;55.08;55.14;319774
FR0000125338;10/09/14;55.04;55.39;54.79;55.35;382453
FR0000125338;11/09/14;55.45;55.87;55.30;55.52;456783
FR0000125338;12/09/14;55.61;57.36;55.61;57.32;896521
FR0000125338;15/09/14;57.00;58.90;56.97;58.02;1195678
FR0000125338;16/09/14;58.01;58.03;56.56;56.94;775318
FR0000125338;17/09/14;57.39;58.96;57.30;57.87;743413
FR0000125338;18/09/14;57.91;58.96;57.87;58.50;643094
FR0000125338;19/09/14;58.71;58.80;57.47;57.94;1009750
FR0000125338;22/09/14;57.81;58.16;57.43;58.06;513461
FR0000125338;23/09/14;57.99;58.01;56.12;56.18;1032103
FR0000125338;24/09/14;56.38;56.44;54.94;55.43;1175202
FR0000125338;25/09/14;55.60;56.22;55.13;55.46;786371
FR0000125338;26/09/14;55.50;56.30;54.77;56.08;639319
FR0000125338;29/09/14;56.20;56.61;55.96;56.27;527146
FR0000125338;30/09/14;56.50;57.05;56.25;56.83;623788
FR0000125338;01/10/14;56.61;56.98;55.39;55.88;808489
FR0000125338;02/10/14;55.81;56.29;54.89;54.89;893959
FR0000125338;03/10/14;55.29;55.46;54.02;54.57;965410
FR0000125338;06/10/14;54.88;55.23;54.60;54.79;498424
FR0000125338;07/10/14;54.67;54.85;52.91;52.95;973042
FR0000125338;08/10/14;52.69;52.87;52.04;52.42;852363
FR0000125338;09/10/14;53.08;53.52;51.95;52.17;727683
FR0000125338;10/10/14;52.00;52.59;51.66;52.05;849918
FR0000125338;13/10/14;51.60;52.40;51.36;51.84;674505
FR0000125338;14/10/14;51.59;51.88;50.82;51.74;798668
FR0000125338;15/10/14;51.69;52.21;49.765;50.00;1262868
FR0000125338;16/10/14;50.18;50.71;48.40;49.62;1317392
FR0000125338;17/10/14;49.57;51.26;49.22;51.13;1284685
FR0000125338;20/10/14;50.79;51.16;49.345;49.36;1607838
FR0000125338;21/10/14;49.13;50.61;49.11;50.44;1571024
FR0000125338;22/10/14;50.69;52.42;50.40;51.83;1084896
FR0000125338;23/10/14;51.66;51.96;50.80;51.86;908348
FR0000125338;24/10/14;51.49;52.03;51.15;51.21;789384
FR0000125338;27/10/14;51.58;51.73;50.52;50.80;423955
FR0000125338;28/10/14;51.24;52.01;51.24;51.49;715871
FR0000125338;29/10/14;51.67;52.02;51.47;51.66;662200
FR0000125338;30/10/14;51.91;52.22;50.94;51.57;753235
FR0000125338;31/10/14;52.19;52.98;51.73;52.46;771469
FR0000125338;03/11/14;52.41;52.64;52.11;52.36;593491
FR0000125338;04/11/14;52.45;52.93;51.14;51.25;868404
FR0000125338;05/11/14;51.85;52.35;51.42;52.19;876811
FR0000125338;06/11/14;53.00;54.97;52.84;54.28;1710714
FR0000125338;07/11/14;54.58;54.95;54.08;54.47;895518
FR0000125338;10/11/14;54.47;55.03;54.35;55.00;564108
FR0000125338;11/11/14;55.30;55.44;54.95;55.08;502145
FR0000125338;12/11/14;55.01;55.37;53.99;54.09;669320
FR0000125338;13/11/14;54.56;54.90;54.15;54.36;510035
FR0000125338;14/11/14;54.66;55.32;54.40;55.02;649164
FR0000125338;17/11/14;54.76;55.67;54.58;55.34;526772
FR0000125338;18/11/14;55.36;56.37;55.36;56.29;628896
FR0000125338;19/11/14;56.31;56.91;55.90;56.50;466036
FR0000125338;20/11/14;56.49;56.91;55.77;56.66;722830
FR0000125338;21/11/14;56.69;57.63;56.57;57.26;706014
FR0000125338;24/11/14;57.28;59.00;57.16;58.74;915342
FR0000125338;25/11/14;58.74;59.38;58.26;58.50;933276
FR0000125338;26/11/14;58.52;58.99;58.41;58.77;528672
FR0000125338;27/11/14;58.71;58.83;58.29;58.40;438995
FR0000125338;28/11/14;58.39;59.02;58.20;58.93;515246
FR0000125338;01/12/14;58.42;59.30;58.41;59.10;427269
FR0000125338;02/12/14;59.39;60.01;58.80;59.15;686883
FR0000125338;03/12/14;59.19;59.80;59.18;59.39;456967
FR0000125338;04/12/14;59.43;60.90;59.38;59.99;992282
FR0000125338;05/12/14;60.46;61.70;60.31;61.66;731414
FR0000125338;08/12/14;61.49;61.50;60.60;60.73;448618
FR0000125338;09/12/14;59.23;59.48;57.95;58.01;1204507
FR0000125338;10/12/14;58.20;58.56;57.55;57.78;868949
FR0000125338;11/12/14;57.75;58.16;57.04;58.00;525941
FR0000125338;12/12/14;57.57;57.61;56.57;56.60;728130
FR0000125338;15/12/14;56.52;57.19;55.41;55.41;630564
FR0000125338;16/12/14;55.48;56.47;54.79;56.47;783466
FR0000125338;17/12/14;55.75;56.60;55.48;56.32;540904
FR0000125338;18/12/14;57.40;59.96;57.09;59.96;994899
FR0000125338;19/12/14;60.43;60.65;59.34;59.96;1062451
FR0000125338;22/12/14;60.00;60.60;59.91;60.33;383295
FR0000125338;23/12/14;60.41;60.66;60.20;60.34;406667
FR0000125338;24/12/14;60.19;60.39;60.15;60.39;92947
FR0000125338;29/12/14;60.34;60.85;59.75;60.28;342529
FR0000125338;30/12/14;60.03;60.20;59.61;59.73;331759
FR0000125338;31/12/14;60.00;60.27;59.44;59.48;185604
FR0000125338;02/01/15;59.53;60.48;59.11;60.12;378730
FR0000125338;05/01/15;59.68;60.99;59.24;59.32;563716
FR0000125338;06/01/15;59.41;59.66;57.03;57.03;820260
FR0000125338;07/01/15;57.41;58.19;57.07;57.27;508546
FR0000125338;08/01/15;58.32;59.10;57.88;58.90;678188
FR0000125338;09/01/15;58.95;59.97;58.95;59.26;708886
FR0000125338;12/01/15;59.58;60.69;59.15;59.96;572468
FR0000125338;13/01/15;59.87;60.05;59.11;59.31;558615
FR0000125338;14/01/15;58.83;59.73;58.40;58.69;519692
FR0000125338;15/01/15;59.28;60.89;57.59;60.89;926029
FR0000125338;16/01/15;60.48;60.95;59.62;60.82;736268
FR0000125338;19/01/15;60.60;61.77;60.15;61.25;635006
FR0000125338;20/01/15;61.16;61.30;60.40;61.13;532792
FR0000125338;21/01/15;61.10;61.24;60.17;60.81;798902
FR0000125338;22/01/15;60.50;62.98;60.29;62.65;945637
FR0000125338;23/01/15;63.00;64.68;62.85;63.90;1109084
FR0000125338;26/01/15;63.71;65.38;63.59;65.20;664213
FR0000125338;27/01/15;65.03;65.12;63.11;63.64;794811
FR0000125338;28/01/15;64.21;64.36;62.82;63.50;598225
FR0000125338;29/01/15;63.40;64.38;63.18;64.26;494829
FR0000125338;30/01/15;64.49;64.76;63.86;64.57;600759
FR0000125338;02/02/15;64.66;64.96;63.40;64.19;586085
FR0000125338;03/02/15;64.28;65.18;64.04;64.27;674882
FR0000125338;04/02/15;64.27;65.22;63.78;65.22;522145
FR0000125338;05/02/15;64.95;65.90;64.70;65.45;351610
FR0000125338;06/02/15;65.30;65.60;64.60;65.38;580597
FR0000125338;09/02/15;64.80;65.30;64.16;64.96;417794
FR0000125338;10/02/15;65.33;66.06;64.78;65.90;571409
FR0000125338;11/02/15;65.78;65.88;64.73;64.98;471470
FR0000125338;12/02/15;65.05;66.10;64.94;65.69;649563
FR0000125338;13/02/15;65.88;66.33;65.44;65.65;451462
FR0000125338;16/02/15;65.55;66.53;65.45;66.14;412397
FR0000125338;17/02/15;65.97;65.97;64.62;64.63;651112
FR0000125338;18/02/15;64.76;65.41;64.58;64.84;598037
FR0000125338;19/02/15;67.00;69.94;66.83;67.99;1848072
FR0000125338;20/02/15;67.99;69.02;67.15;68.04;1138232
FR0000125338;23/02/15;68.41;70.04;68.41;69.23;1081807
FR0000125338;24/02/15;69.56;70.94;69.40;70.49;1066829
FR0000125338;25/02/15;70.43;70.59;69.75;70.15;724695
FR0000125338;26/02/15;70.13;71.75;70.04;71.70;821634
FR0000125338;27/02/15;71.55;72.40;71.20;72.27;867906
FR0000125338;02/03/15;72.43;72.70;72.06;72.54;614064
FR0000125338;03/03/15;72.51;73.64;72.51;72.68;831757
FR0000125338;04/03/15;72.91;73.00;71.98;72.77;710590
FR0000125338;05/03/15;72.85;73.51;72.60;73.23;776400
FR0000125338;06/03/15;73.25;73.50;72.12;73.06;814162
