258
FR0000121485;03/03/14;146.85;147.55;145.85;146.05;237719
FR0000121485;04/03/14;147.90;149.65;147.75;148.95;203414
FR0000121485;05/03/14;148.55;148.55;145.65;145.90;301636
FR0000121485;06/03/14;146.55;146.65;145.60;146.05;260142
FR0000121485;07/03/14;145.80;146.60;144.45;144.95;285866
FR0000121485;10/03/14;144.70;146.15;143.75;144.60;148596
FR0000121485;11/03/14;144.80;144.80;142.20;142.75;272714
FR0000121485;12/03/14;142.30;142.50;139.40;141.45;380016
FR0000121485;13/03/14;140.85;141.30;139.15;139.15;354912
FR0000121485;14/03/14;138.15;139.40;137.35;137.35;273270
FR0000121485;17/03/14;137.00;139.20;136.95;139.00;242062
FR0000121485;18/03/14;138.40;141.10;138.00;139.95;207798
FR0000121485;19/03/14;139.30;140.20;138.15;139.60;197303
FR0000121485;20/03/14;139.15;140.60;138.85;140.60;237786
FR0000121485;21/03/14;140.25;140.55;139.40;140.40;420818
FR0000121485;24/03/14;140.15;141.40;139.35;140.25;216429
FR0000121485;25/03/14;140.75;144.25;140.65;144.25;289031
FR0000121485;26/03/14;144.00;149.10;144.00;149.10;320848
FR0000121485;27/03/14;148.55;149.00;146.45;147.15;199987
FR0000121485;28/03/14;147.90;148.45;147.25;147.90;150206
FR0000121485;31/03/14;148.55;149.35;147.55;148.05;157898
FR0000121485;01/04/14;148.95;149.55;147.90;148.05;203783
FR0000121485;02/04/14;148.60;149.75;147.80;148.40;153129
FR0000121485;03/04/14;148.10;149.05;147.15;148.55;181351
FR0000121485;04/04/14;148.95;149.10;147.50;147.50;150135
FR0000121485;07/04/14;146.75;147.50;145.65;145.65;229639
FR0000121485;08/04/14;145.95;146.00;143.20;144.50;337929
FR0000121485;09/04/14;145.25;150.00;144.90;149.95;373993
FR0000121485;10/04/14;151.50;157.25;149.60;149.65;515827
FR0000121485;11/04/14;148.50;148.50;146.15;146.70;335160
FR0000121485;14/04/14;145.95;150.10;145.90;150.05;249864
FR0000121485;15/04/14;149.85;150.15;148.85;149.25;239140
FR0000121485;16/04/14;150.40;150.50;149.00;149.20;231297
FR0000121485;17/04/14;149.00;149.65;146.65;149.65;249182
FR0000121485;22/04/14;150.00;150.30;149.05;149.70;184327
FR0000121485;23/04/14;149.60;151.60;149.10;151.25;189926
FR0000121485;24/04/14;151.70;154.25;151.40;153.40;214365
FR0000121485;25/04/14;154.00;161.00;153.80;159.00;615386
FR0000121485;28/04/14;159.00;159.50;157.55;158.50;181608
FR0000121485;29/04/14;158.90;160.25;158.15;158.55;242645
FR0000121485;30/04/14;157.95;159.45;157.95;159.40;243208
FR0000121485;02/05/14;159.35;159.35;157.85;158.50;165256
FR0000121485;05/05/14;158.10;158.60;156.05;158.25;112294
FR0000121485;06/05/14;158.25;158.45;156.15;156.35;151855
FR0000121485;07/05/14;157.10;158.00;156.00;156.05;195737
FR0000121485;08/05/14;154.35;154.60;152.95;153.85;251216
FR0000121485;09/05/14;153.10;156.20;153.00;156.00;167046
FR0000121485;12/05/14;156.05;156.25;155.00;155.75;140799
FR0000121485;13/05/14;155.85;158.30;155.50;157.50;218440
FR0000121485;14/05/14;157.25;158.15;156.50;157.80;126994
FR0000121485;15/05/14;158.10;162.05;157.60;162.00;364908
FR0000121485;16/05/14;162.00;163.40;161.05;162.50;285290
FR0000121485;19/05/14;162.10;163.30;161.05;161.90;192409
FR0000121485;20/05/14;161.80;162.85;161.05;161.75;159731
FR0000121485;21/05/14;161.60;161.90;159.35;160.65;191275
FR0000121485;22/05/14;160.60;161.45;159.35;160.75;176438
FR0000121485;23/05/14;160.75;161.25;158.35;159.40;194690
FR0000121485;26/05/14;159.50;161.75;158.85;161.60;103243
FR0000121485;27/05/14;161.30;161.75;160.35;160.50;129531
FR0000121485;28/05/14;160.90;161.15;159.20;159.90;102111
FR0000121485;29/05/14;159.70;160.25;159.40;159.95;59409
FR0000121485;30/05/14;160.15;162.10;159.60;162.10;246827
FR0000121485;02/06/14;161.05;162.75;160.25;162.05;152119
FR0000121485;03/06/14;161.75;162.25;160.90;161.50;89717
FR0000121485;04/06/14;161.40;161.55;159.25;160.70;162379
FR0000121485;05/06/14;160.65;162.20;160.10;160.95;140268
FR0000121485;06/06/14;160.95;160.95;158.90;159.70;186558
FR0000121485;09/06/14;160.15;160.85;159.25;160.25;66192
FR0000121485;10/06/14;160.25;163.80;160.05;163.80;225624
FR0000121485;11/06/14;163.90;165.40;163.90;165.20;224149
FR0000121485;12/06/14;165.15;165.40;164.35;164.60;151850
FR0000121485;13/06/14;164.55;164.55;162.05;162.30;182511
FR0000121485;16/06/14;162.25;162.75;161.70;162.00;166583
FR0000121485;17/06/14;162.00;163.50;160.80;163.20;219188
FR0000121485;18/06/14;163.15;165.40;163.15;164.90;206681
FR0000121485;19/06/14;165.55;165.90;163.90;163.90;216252
FR0000121485;20/06/14;163.85;164.95;163.35;163.40;253390
FR0000121485;23/06/14;163.60;163.60;161.15;161.65;130840
FR0000121485;24/06/14;161.55;161.95;159.90;161.35;149237
FR0000121485;25/06/14;161.25;161.25;159.15;159.70;130744
FR0000121485;26/06/14;159.75;160.35;158.45;159.00;134319
FR0000121485;27/06/14;159.75;159.80;158.30;159.65;79638
FR0000121485;30/06/14;159.60;160.75;159.45;160.15;130898
FR0000121485;01/07/14;160.15;160.25;158.90;159.65;156339
FR0000121485;02/07/14;159.40;159.45;158.25;158.70;104032
FR0000121485;03/07/14;158.70;160.20;158.15;159.85;131688
FR0000121485;04/07/14;160.00;160.10;157.55;157.85;145656
FR0000121485;07/07/14;157.30;157.85;155.90;156.10;146339
FR0000121485;08/07/14;156.05;156.65;154.80;154.80;202357
FR0000121485;09/07/14;155.25;155.50;153.10;155.15;175154
FR0000121485;10/07/14;155.30;157.30;154.40;156.30;232049
FR0000121485;11/07/14;156.15;158.50;155.85;158.30;257000
FR0000121485;14/07/14;158.10;161.15;157.85;160.30;156282
FR0000121485;15/07/14;159.65;160.40;157.00;157.35;143164
FR0000121485;16/07/14;157.75;159.90;157.60;159.90;156987
FR0000121485;17/07/14;159.55;159.60;157.95;158.00;120708
FR0000121485;18/07/14;156.95;158.45;155.90;158.40;148215
FR0000121485;21/07/14;158.20;158.25;155.45;155.80;177579
FR0000121485;22/07/14;156.00;156.00;155.00;155.60;178683
FR0000121485;23/07/14;155.15;157.50;154.85;157.05;175745
FR0000121485;24/07/14;157.05;159.50;156.30;159.35;150993
FR0000121485;25/07/14;156.00;156.00;151.05;151.50;495310
FR0000121485;28/07/14;152.05;153.35;152.05;153.05;188087
FR0000121485;29/07/14;153.00;155.75;152.60;155.45;208862
FR0000121485;30/07/14;155.95;156.55;151.75;152.30;234134
FR0000121485;31/07/14;154.00;160.80;154.00;159.95;543258
FR0000121485;01/08/14;159.35;159.95;157.25;158.75;403030
FR0000121485;04/08/14;158.65;160.35;157.80;160.35;244721
FR0000121485;05/08/14;160.30;160.65;159.25;160.35;242288
FR0000121485;06/08/14;159.70;162.60;159.30;160.30;327240
FR0000121485;07/08/14;160.25;161.40;159.05;159.05;229396
FR0000121485;08/08/14;159.25;160.10;156.80;158.00;302086
FR0000121485;11/08/14;158.90;158.95;157.75;158.20;158073
FR0000121485;12/08/14;157.95;158.45;157.40;157.80;112880
FR0000121485;13/08/14;158.60;158.95;156.65;157.15;120645
FR0000121485;14/08/14;155.00;157.15;153.75;155.40;315877
FR0000121485;15/08/14;155.50;158.10;154.90;155.50;242418
FR0000121485;18/08/14;157.30;157.75;156.80;157.05;89878
FR0000121485;19/08/14;157.05;157.30;156.75;157.25;99349
FR0000121485;20/08/14;157.15;157.30;155.10;156.10;87720
FR0000121485;21/08/14;156.45;157.35;156.00;157.00;96334
FR0000121485;22/08/14;157.05;157.05;153.65;154.20;138262
FR0000121485;25/08/14;154.85;156.15;154.50;156.15;118325
FR0000121485;26/08/14;155.75;158.85;155.65;158.85;185107
FR0000121485;27/08/14;158.65;161.25;158.55;160.00;150220
FR0000121485;28/08/14;159.55;161.35;158.65;160.20;173805
FR0000121485;29/08/14;160.35;162.15;159.10;161.25;198686
FR0000121485;01/09/14;161.45;162.45;160.70;162.45;100596
FR0000121485;02/09/14;162.30;162.90;161.05;161.95;118831
FR0000121485;03/09/14;162.15;163.85;161.65;162.75;228354
FR0000121485;04/09/14;162.00;165.80;161.35;165.40;188707
FR0000121485;05/09/14;165.20;166.40;164.65;165.00;229642
FR0000121485;08/09/14;164.35;164.85;162.75;163.20;148973
FR0000121485;09/09/14;162.75;165.55;162.60;165.20;199432
FR0000121485;10/09/14;164.50;165.00;163.30;164.30;191914
FR0000121485;11/09/14;164.50;164.60;162.05;162.70;185784
FR0000121485;12/09/14;162.80;163.40;161.95;163.40;155792
FR0000121485;15/09/14;162.60;167.65;162.60;167.40;224488
FR0000121485;16/09/14;166.80;167.70;165.65;167.10;158804
FR0000121485;17/09/14;166.50;166.70;164.55;164.80;196035
FR0000121485;18/09/14;164.95;166.85;164.55;165.50;122733
FR0000121485;19/09/14;166.00;166.20;162.45;163.30;434915
FR0000121485;22/09/14;162.45;162.95;160.10;160.35;257129
FR0000121485;23/09/14;159.95;160.30;158.05;158.20;177150
FR0000121485;24/09/14;158.20;160.45;158.00;160.45;180005
FR0000121485;25/09/14;160.15;160.65;157.30;158.05;268134
FR0000121485;26/09/14;159.65;160.80;158.80;160.35;228507
FR0000121485;29/09/14;159.70;160.55;159.30;160.05;301098
FR0000121485;30/09/14;160.40;161.05;158.25;159.65;287573
FR0000121485;01/10/14;159.40;159.85;153.60;154.60;452766
FR0000121485;02/10/14;154.00;154.05;150.85;150.85;360763
FR0000121485;03/10/14;151.35;152.45;150.05;151.50;155328
FR0000121485;06/10/14;151.65;153.65;151.50;151.95;190348
FR0000121485;07/10/14;151.65;152.60;150.85;150.90;221540
FR0000121485;08/10/14;150.60;152.75;150.20;152.65;262260
FR0000121485;09/10/14;153.80;154.00;150.65;150.65;236436
FR0000121485;10/10/14;150.65;151.00;147.85;147.85;248407
FR0000121485;13/10/14;146.55;148.00;146.05;147.70;203143
FR0000121485;14/10/14;146.50;146.50;144.10;145.65;395025
FR0000121485;15/10/14;145.30;147.05;144.00;144.30;282519
FR0000121485;16/10/14;144.65;145.65;140.05;143.65;310544
FR0000121485;17/10/14;143.30;147.60;143.30;147.60;281450
FR0000121485;20/10/14;147.70;148.50;145.75;147.45;169190
FR0000121485;21/10/14;146.50;149.95;146.35;149.95;222618
FR0000121485;22/10/14;148.55;151.20;148.55;149.55;239453
FR0000121485;23/10/14;149.20;153.55;147.85;153.55;323099
FR0000121485;24/10/14;150.70;150.90;145.60;145.70;529584
FR0000121485;27/10/14;146.75;146.95;145.15;146.35;271098
FR0000121485;28/10/14;148.40;150.65;148.35;149.30;310083
FR0000121485;29/10/14;150.00;151.75;149.55;151.65;193636
FR0000121485;30/10/14;152.95;153.20;150.00;153.00;225364
FR0000121485;31/10/14;153.90;154.40;153.00;153.95;352764
FR0000121485;03/11/14;153.70;158.70;153.35;155.55;318848
FR0000121485;04/11/14;155.75;157.40;153.70;153.85;255449
FR0000121485;05/11/14;154.80;156.90;154.80;156.65;163271
FR0000121485;06/11/14;155.85;158.80;155.85;157.95;188666
FR0000121485;07/11/14;157.90;159.35;157.00;157.40;112844
FR0000121485;10/11/14;157.50;158.80;157.30;158.80;117881
FR0000121485;11/11/14;159.50;161.20;159.10;160.00;156021
FR0000121485;12/11/14;159.35;160.00;158.40;158.85;172767
FR0000121485;13/11/14;159.45;160.10;157.55;159.80;190420
FR0000121485;14/11/14;160.05;160.55;158.15;159.90;142883
FR0000121485;17/11/14;158.75;160.30;158.10;159.50;110878
FR0000121485;18/11/14;159.50;160.55;158.95;159.25;136798
FR0000121485;19/11/14;159.15;160.00;158.95;159.50;86906
FR0000121485;20/11/14;159.20;159.65;156.55;157.00;215348
FR0000121485;21/11/14;157.15;161.25;156.90;161.25;275149
FR0000121485;24/11/14;160.70;162.30;160.05;162.15;154003
FR0000121485;25/11/14;162.20;163.65;162.00;162.80;174066
FR0000121485;26/11/14;165.25;167.30;163.15;163.35;236219
FR0000121485;27/11/14;163.95;164.00;162.90;163.90;96758
FR0000121485;28/11/14;164.10;166.35;164.10;166.10;192436
FR0000121485;01/12/14;164.90;165.70;163.90;164.85;153105
FR0000121485;02/12/14;165.60;166.25;164.40;164.50;140302
FR0000121485;03/12/14;164.50;165.75;164.40;165.15;155108
FR0000121485;04/12/14;165.15;167.50;163.55;164.10;178323
FR0000121485;05/12/14;166.00;166.80;164.25;165.50;136046
FR0000121485;08/12/14;164.85;164.85;162.85;163.85;163943
FR0000121485;09/12/14;162.15;162.60;160.10;160.50;258569
FR0000121485;10/12/14;160.60;162.40;159.95;160.15;239567
FR0000121485;11/12/14;160.35;160.85;158.35;158.85;203910
FR0000121485;12/12/14;158.00;158.05;155.40;155.65;275516
FR0000121485;15/12/14;155.45;157.30;151.90;151.90;272508
FR0000121485;16/12/14;152.35;154.05;150.35;153.50;342269
FR0000121485;17/12/14;151.50;153.10;150.75;152.45;278452
FR0000121485;18/12/14;153.30;155.20;152.60;154.85;279913
FR0000121485;19/12/14;155.30;156.70;154.30;155.65;301445
FR0000121485;22/12/14;155.70;157.35;155.60;156.85;123666
FR0000121485;23/12/14;157.35;158.50;157.00;158.50;137898
FR0000121485;24/12/14;159.40;160.10;158.90;160.10;57326
FR0000121485;29/12/14;160.00;160.20;158.30;160.00;126028
FR0000121485;30/12/14;159.25;160.50;158.10;158.10;109218
FR0000121485;31/12/14;157.85;160.00;157.85;159.50;39778
FR0000121485;02/01/15;160.00;160.45;157.65;157.75;108463
FR0000121485;05/01/15;156.70;159.20;154.15;154.15;224700
FR0000121485;06/01/15;154.90;155.55;152.70;152.70;207263
FR0000121485;07/01/15;154.00;156.30;153.60;155.25;187283
FR0000121485;08/01/15;156.45;160.05;156.05;160.05;222040
FR0000121485;09/01/15;159.25;162.95;158.30;158.95;227133
FR0000121485;12/01/15;160.10;162.75;160.00;162.15;202324
FR0000121485;13/01/15;161.85;166.10;161.65;165.80;218911
FR0000121485;14/01/15;163.75;166.25;162.50;162.50;343897
FR0000121485;15/01/15;163.05;168.25;160.00;166.75;521134
FR0000121485;16/01/15;165.60;166.75;164.80;166.10;320104
FR0000121485;19/01/15;166.20;168.05;165.80;167.05;227851
FR0000121485;20/01/15;167.65;169.85;166.80;167.20;276660
FR0000121485;21/01/15;168.00;172.75;166.85;172.75;364804
FR0000121485;22/01/15;171.60;172.70;169.20;172.15;295263
FR0000121485;23/01/15;173.00;177.90;172.35;177.70;388040
FR0000121485;26/01/15;177.00;179.35;176.10;178.75;314001
FR0000121485;27/01/15;178.40;178.80;176.10;177.75;221939
FR0000121485;28/01/15;178.90;180.60;178.35;179.35;338313
FR0000121485;29/01/15;177.00;180.45;177.00;180.00;272912
FR0000121485;30/01/15;181.50;181.75;179.15;179.40;346764
FR0000121485;02/02/15;179.75;180.25;176.50;178.15;281398
FR0000121485;03/02/15;178.15;178.60;177.50;177.80;214444
FR0000121485;04/02/15;178.60;182.00;178.30;181.80;302141
FR0000121485;05/02/15;180.90;181.70;180.10;181.00;176103
FR0000121485;06/02/15;180.50;184.20;180.30;182.85;215939
FR0000121485;09/02/15;181.55;181.90;179.65;180.50;177842
FR0000121485;10/02/15;181.15;183.50;181.00;183.40;212533
FR0000121485;11/02/15;183.10;183.70;181.70;183.05;153477
FR0000121485;12/02/15;182.15;183.50;181.50;182.70;186436
FR0000121485;13/02/15;183.40;185.00;182.75;182.90;193636
FR0000121485;16/02/15;182.35;184.45;179.50;181.15;323369
FR0000121485;17/02/15;179.90;181.00;174.75;178.55;507354
FR0000121485;18/02/15;177.20;180.00;176.80;178.75;282304
FR0000121485;19/02/15;177.80;180.65;177.50;178.90;240194
FR0000121485;20/02/15;178.55;179.75;177.00;179.60;231073
FR0000121485;23/02/15;180.00;180.20;177.60;179.10;259202
FR0000121485;24/02/15;179.75;180.70;179.10;180.30;162500
FR0000121485;25/02/15;180.20;180.95;177.15;179.05;261573
FR0000121485;26/02/15;179.35;181.95;178.75;181.65;190606
FR0000121485;27/02/15;181.15;182.10;180.35;182.00;230534
FR0000121485;02/03/15;182.75;183.50;180.60;181.55;203050
FR0000121485;03/03/15;182.00;183.40;180.15;180.50;230242
FR0000121485;04/03/15;180.70;182.00;180.55;181.90;202361
FR0000121485;05/03/15;182.05;183.00;181.40;182.00;209168
FR0000121485;06/03/15;181.95;183.80;181.70;183.15;226183
