258
FR0000120537;03/03/14;53.56;53.56;52.49;52.90;667994
FR0000120537;04/03/14;53.54;54.35;53.41;54.19;681564
FR0000120537;05/03/14;53.96;54.52;53.36;54.24;580946
FR0000120537;06/03/14;54.51;56.50;54.47;56.33;1215619
FR0000120537;07/03/14;56.22;56.98;55.81;55.90;678905
FR0000120537;10/03/14;55.61;55.97;54.71;55.35;595261
FR0000120537;11/03/14;55.50;55.81;54.92;55.00;636741
FR0000120537;12/03/14;54.68;54.95;53.95;54.63;445668
FR0000120537;13/03/14;54.64;54.67;53.80;53.83;673398
FR0000120537;14/03/14;52.50;53.05;51.72;52.31;1101108
FR0000120537;17/03/14;52.16;52.99;52.05;52.84;522127
FR0000120537;18/03/14;52.80;53.65;52.28;52.86;477695
FR0000120537;19/03/14;53.14;53.58;52.22;53.13;706491
FR0000120537;20/03/14;52.63;53.63;52.57;53.60;621539
FR0000120537;21/03/14;53.83;54.79;53.54;54.51;1227960
FR0000120537;24/03/14;54.31;54.59;53.58;53.90;688616
FR0000120537;25/03/14;54.05;54.85;54.05;54.65;730888
FR0000120537;26/03/14;54.81;55.88;54.69;55.75;636564
FR0000120537;27/03/14;55.45;55.87;55.02;55.86;706479
FR0000120537;28/03/14;55.93;56.59;55.76;56.51;543197
FR0000120537;31/03/14;56.60;57.09;56.56;56.70;779666
FR0000120537;01/04/14;56.88;58.23;56.73;58.18;1084543
FR0000120537;02/04/14;58.18;58.75;57.96;57.99;1356075
FR0000120537;03/04/14;57.86;58.85;57.47;58.85;1070565
FR0000120537;04/04/14;58.72;64.58;58.72;64.09;6261511
FR0000120537;07/04/14;65.80;67.54;64.00;65.74;6696797
FR0000120537;08/04/14;66.00;66.37;63.99;65.79;3060809
FR0000120537;09/04/14;65.80;66.75;65.60;66.31;1291361
FR0000120537;10/04/14;65.43;66.82;65.42;66.18;1549646
FR0000120537;11/04/14;65.44;65.73;64.63;65.49;1260337
FR0000120537;14/04/14;64.42;65.91;63.73;65.91;1386243
FR0000120537;15/04/14;65.80;65.95;64.39;65.25;1429316
FR0000120537;16/04/14;65.80;66.17;65.36;66.11;789370
FR0000120537;17/04/14;66.20;66.82;65.70;65.86;1324112
FR0000120537;22/04/14;65.86;67.00;65.75;66.73;756880
FR0000120537;23/04/14;66.30;66.95;66.27;66.85;526714
FR0000120537;24/04/14;66.90;67.33;66.19;66.24;571918
FR0000120537;25/04/14;66.09;66.35;65.18;65.41;580873
FR0000120537;28/04/14;65.51;66.23;65.42;65.73;595251
FR0000120537;29/04/14;65.88;67.39;65.88;67.19;581699
FR0000120537;30/04/14;66.84;67.06;65.45;65.85;692062
FR0000120537;02/05/14;65.85;66.24;65.22;65.53;589297
FR0000120537;05/05/14;65.12;65.95;64.32;65.95;438456
FR0000120537;06/05/14;66.08;66.20;63.72;63.86;789251
FR0000120537;07/05/14;63.60;63.63;62.63;62.89;782377
FR0000120537;08/05/14;63.16;63.82;62.42;63.41;757458
FR0000120537;09/05/14;63.04;63.57;62.88;63.09;713412
FR0000120537;12/05/14;63.07;65.15;62.77;64.94;752335
FR0000120537;13/05/14;64.92;65.32;64.40;64.64;483336
FR0000120537;14/05/14;64.92;64.93;63.63;64.09;551429
FR0000120537;15/05/14;64.00;64.16;62.91;62.91;460510
FR0000120537;16/05/14;62.84;63.34;62.18;62.86;606596
FR0000120537;19/05/14;62.74;63.57;62.38;63.08;446099
FR0000120537;20/05/14;63.32;63.83;63.19;63.19;553773
FR0000120537;21/05/14;63.29;63.72;63.03;63.63;328130
FR0000120537;22/05/14;63.70;64.40;63.43;64.34;630772
FR0000120537;23/05/14;64.40;64.44;63.66;64.01;568672
FR0000120537;26/05/14;64.17;64.53;64.01;64.53;240476
FR0000120537;27/05/14;64.35;64.69;64.03;64.13;456859
FR0000120537;28/05/14;64.39;64.69;63.96;64.17;392231
FR0000120537;29/05/14;64.34;64.34;63.90;63.95;229460
FR0000120537;30/05/14;64.00;64.00;62.82;63.37;799804
FR0000120537;02/06/14;63.70;63.81;63.30;63.62;357171
FR0000120537;03/06/14;63.59;63.67;63.01;63.01;349028
FR0000120537;04/06/14;63.00;65.31;62.80;65.00;1063024
FR0000120537;05/06/14;64.78;66.82;64.78;66.49;825138
FR0000120537;06/06/14;66.50;67.40;66.50;67.40;653772
FR0000120537;09/06/14;67.39;67.94;66.93;67.13;256953
FR0000120537;10/06/14;66.88;67.26;66.71;66.92;397558
FR0000120537;11/06/14;66.85;67.21;66.20;67.21;463046
FR0000120537;12/06/14;67.19;67.58;66.88;66.98;441101
FR0000120537;13/06/14;66.96;66.97;65.89;66.12;589816
FR0000120537;16/06/14;65.90;66.33;65.77;65.80;404215
FR0000120537;17/06/14;65.72;66.17;64.91;65.31;536336
FR0000120537;18/06/14;65.33;65.75;65.21;65.54;313134
FR0000120537;19/06/14;66.60;66.78;65.57;65.66;356989
FR0000120537;20/06/14;65.32;65.74;64.63;64.63;974254
FR0000120537;23/06/14;64.27;64.80;63.98;64.27;392101
FR0000120537;24/06/14;64.31;64.61;63.61;64.20;343069
FR0000120537;25/06/14;63.81;63.96;62.40;63.02;694478
FR0000120537;26/06/14;63.56;64.17;62.67;63.18;476534
FR0000120537;27/06/14;63.16;63.89;63.02;63.75;292579
FR0000120537;30/06/14;63.67;64.00;62.79;63.40;516717
FR0000120537;01/07/14;62.69;64.03;62.42;64.03;527895
FR0000120537;02/07/14;63.90;64.61;63.52;64.50;566638
FR0000120537;03/07/14;64.62;66.49;64.48;66.18;615332
FR0000120537;04/07/14;66.18;66.19;65.18;65.18;339274
FR0000120537;07/07/14;64.62;65.40;64.48;64.68;341602
FR0000120537;08/07/14;64.80;64.80;63.79;63.79;439384
FR0000120537;09/07/14;63.89;64.03;63.01;63.40;528357
FR0000120537;10/07/14;63.27;63.70;62.37;63.51;613846
FR0000120537;11/07/14;63.38;63.79;62.57;62.77;496365
FR0000120537;14/07/14;63.11;63.91;62.95;63.68;294153
FR0000120537;15/07/14;63.68;63.96;62.51;62.76;523177
FR0000120537;16/07/14;62.82;63.58;62.69;62.80;370753
FR0000120537;17/07/14;62.55;62.82;61.63;61.92;370629
FR0000120537;18/07/14;61.60;61.82;60.91;61.15;997662
FR0000120537;21/07/14;60.96;60.96;60.11;60.13;548445
FR0000120537;22/07/14;60.57;61.57;60.50;61.40;625329
FR0000120537;23/07/14;61.23;61.78;61.12;61.15;465532
FR0000120537;24/07/14;61.05;62.14;60.86;61.86;465514
FR0000120537;25/07/14;60.51;62.39;60.51;61.20;428711
FR0000120537;28/07/14;61.49;61.63;60.90;61.57;337962
FR0000120537;29/07/14;61.57;61.79;60.97;61.25;308470
FR0000120537;30/07/14;60.83;60.83;58.47;58.54;1136085
FR0000120537;31/07/14;58.64;58.75;57.88;58.09;789480
FR0000120537;01/08/14;57.90;58.00;56.45;57.03;651647
FR0000120537;04/08/14;57.30;58.03;57.30;57.43;643924
FR0000120537;05/08/14;57.63;57.66;56.56;56.58;653577
FR0000120537;06/08/14;56.31;56.32;55.13;55.65;625420
FR0000120537;07/08/14;55.61;55.78;54.94;55.10;682300
FR0000120537;08/08/14;54.53;55.04;53.91;54.52;660277
FR0000120537;11/08/14;54.97;56.06;54.84;55.73;486204
FR0000120537;12/08/14;55.50;56.04;55.26;55.45;525631
FR0000120537;13/08/14;55.66;56.25;55.60;56.20;430326
FR0000120537;14/08/14;55.82;57.63;55.75;57.08;483467
FR0000120537;15/08/14;57.32;57.47;55.87;55.98;398647
FR0000120537;18/08/14;56.69;57.78;56.35;57.73;591773
FR0000120537;19/08/14;58.00;58.29;57.36;57.38;271210
FR0000120537;20/08/14;57.32;58.07;57.23;57.66;401797
FR0000120537;21/08/14;57.71;58.35;57.36;58.16;371780
FR0000120537;22/08/14;58.21;58.53;57.97;58.07;320379
FR0000120537;25/08/14;58.74;58.94;58.46;58.81;202233
FR0000120537;26/08/14;58.79;59.84;58.70;59.71;325537
FR0000120537;27/08/14;59.54;60.07;59.45;59.76;222829
FR0000120537;28/08/14;59.84;59.84;58.27;59.08;505245
FR0000120537;29/08/14;59.54;59.61;57.83;58.30;591299
FR0000120537;01/09/14;57.92;58.14;57.27;57.50;354817
FR0000120537;02/09/14;57.58;58.21;57.28;57.59;422288
FR0000120537;03/09/14;57.64;58.65;57.56;58.16;361123
FR0000120537;04/09/14;58.00;59.40;57.80;59.04;534198
FR0000120537;05/09/14;58.75;60.18;58.75;59.93;489506
FR0000120537;08/09/14;59.82;59.82;58.88;59.19;391915
FR0000120537;09/09/14;58.92;59.87;58.86;59.39;381906
FR0000120537;10/09/14;59.00;59.06;58.04;58.33;394605
FR0000120537;11/09/14;58.34;58.49;57.25;57.50;471113
FR0000120537;12/09/14;57.50;57.64;56.84;56.90;439954
FR0000120537;15/09/14;56.75;56.75;55.94;56.00;488860
FR0000120537;16/09/14;56.01;56.08;55.59;55.82;402096
FR0000120537;17/09/14;56.07;56.35;55.21;55.93;753137
FR0000120537;18/09/14;55.85;56.81;55.40;56.73;606235
FR0000120537;19/09/14;56.95;58.09;56.65;56.65;719851
FR0000120537;22/09/14;56.76;56.89;55.78;55.98;403268
FR0000120537;23/09/14;55.70;56.25;55.30;56.00;607965
FR0000120537;24/09/14;56.00;56.41;55.83;56.32;497143
FR0000120537;25/09/14;56.45;56.86;55.88;56.18;824321
FR0000120537;26/09/14;56.11;56.64;55.56;56.64;308993
FR0000120537;29/09/14;56.65;57.03;56.22;56.72;545501
FR0000120537;30/09/14;57.19;57.32;56.40;57.02;491096
FR0000120537;01/10/14;56.80;57.20;55.95;56.10;528202
FR0000120537;02/10/14;56.00;56.25;55.11;55.11;1071845
FR0000120537;03/10/14;55.27;55.50;54.20;54.72;599156
FR0000120537;06/10/14;54.99;55.31;54.18;54.45;456103
FR0000120537;07/10/14;54.53;54.59;53.21;53.33;640540
FR0000120537;08/10/14;53.32;53.36;52.33;52.86;530195
FR0000120537;09/10/14;53.25;54.03;52.84;53.06;771301
FR0000120537;10/10/14;52.74;52.74;50.60;51.01;973666
FR0000120537;13/10/14;50.50;51.83;50.30;51.24;439246
FR0000120537;14/10/14;51.14;52.95;51.03;52.76;647847
FR0000120537;15/10/14;52.76;53.04;50.47;50.53;881225
FR0000120537;16/10/14;51.20;51.51;48.51;49.84;1465883
FR0000120537;17/10/14;49.82;51.42;49.71;50.96;996105
FR0000120537;20/10/14;50.77;51.73;50.55;51.31;703745
FR0000120537;21/10/14;51.02;53.02;50.84;52.90;647177
FR0000120537;22/10/14;52.98;53.40;52.60;53.07;486517
FR0000120537;23/10/14;52.74;53.51;52.03;53.16;654285
FR0000120537;24/10/14;52.81;53.46;52.77;52.90;317317
FR0000120537;27/10/14;53.60;53.67;51.65;52.28;448435
FR0000120537;28/10/14;52.82;53.99;52.72;53.75;511391
FR0000120537;29/10/14;54.17;54.61;53.70;54.14;495952
FR0000120537;30/10/14;55.74;55.76;52.93;54.61;701168
FR0000120537;31/10/14;55.42;55.86;54.70;55.31;609986
FR0000120537;03/11/14;54.20;54.86;53.20;53.65;905389
FR0000120537;04/11/14;53.57;53.88;52.44;52.67;670266
FR0000120537;05/11/14;52.87;54.29;52.69;54.21;934511
FR0000120537;06/11/14;54.19;55.30;54.04;54.47;792212
FR0000120537;07/11/14;54.46;55.42;54.26;55.25;861489
FR0000120537;10/11/14;54.98;56.23;54.70;56.14;799763
FR0000120537;11/11/14;56.16;56.50;55.86;56.40;435068
FR0000120537;12/11/14;56.19;56.37;55.26;55.96;508918
FR0000120537;13/11/14;56.44;56.44;55.08;55.48;668347
FR0000120537;14/11/14;55.48;55.69;54.51;54.94;488224
FR0000120537;17/11/14;54.43;54.97;53.73;54.63;693834
FR0000120537;18/11/14;54.73;55.41;54.49;55.01;370983
FR0000120537;19/11/14;55.09;56.40;54.61;55.84;705263
FR0000120537;20/11/14;55.86;56.50;55.34;56.44;649275
FR0000120537;21/11/14;56.30;58.49;56.16;57.91;1150535
FR0000120537;24/11/14;57.90;58.20;57.48;57.68;683894
FR0000120537;25/11/14;57.61;58.49;57.39;58.49;671618
FR0000120537;26/11/14;57.90;58.25;57.09;57.32;697782
FR0000120537;27/11/14;57.40;57.51;56.80;56.85;562685
FR0000120537;28/11/14;56.75;57.41;56.60;57.18;547785
FR0000120537;01/12/14;56.66;57.68;56.23;57.68;650548
FR0000120537;02/12/14;58.00;58.44;57.57;57.93;650884
FR0000120537;03/12/14;57.83;59.12;57.68;58.98;898750
FR0000120537;04/12/14;59.25;59.83;58.15;58.37;1159655
FR0000120537;05/12/14;59.18;60.43;58.92;60.21;803857
FR0000120537;08/12/14;59.86;60.23;59.35;59.46;562778
FR0000120537;09/12/14;58.59;58.77;57.25;57.40;720998
FR0000120537;10/12/14;56.70;57.29;56.02;56.25;1074461
FR0000120537;11/12/14;56.16;56.34;55.54;56.08;735818
FR0000120537;12/12/14;55.60;56.19;55.16;55.44;745756
FR0000120537;15/12/14;56.17;56.17;54.09;54.32;914061
FR0000120537;16/12/14;54.93;55.80;53.91;55.69;1338031
FR0000120537;17/12/14;55.01;55.63;54.59;55.18;539858
FR0000120537;18/12/14;56.26;57.99;56.26;57.41;1347987
FR0000120537;19/12/14;57.66;58.22;56.86;57.40;974363
FR0000120537;22/12/14;57.55;58.11;57.18;57.28;484429
FR0000120537;23/12/14;57.31;58.21;57.30;57.92;535919
FR0000120537;24/12/14;58.00;58.39;57.95;58.38;53458
FR0000120537;29/12/14;58.40;58.60;57.54;58.35;469506
FR0000120537;30/12/14;58.00;58.46;57.78;58.08;305211
FR0000120537;31/12/14;58.02;58.45;57.98;58.08;107715
FR0000120537;02/01/15;58.20;58.47;57.04;57.41;287969
FR0000120537;05/01/15;56.79;58.57;56.24;56.29;608803
FR0000120537;06/01/15;56.44;57.01;55.72;56.12;516582
FR0000120537;07/01/15;56.52;57.28;56.07;56.24;534415
FR0000120537;08/01/15;56.83;57.93;56.77;57.70;516539
FR0000120537;09/01/15;57.40;58.50;57.40;57.99;635899
FR0000120537;12/01/15;58.11;58.79;57.38;57.84;511686
FR0000120537;13/01/15;57.40;59.38;57.21;58.83;610757
FR0000120537;14/01/15;58.19;59.15;57.74;58.24;971367
FR0000120537;15/01/15;58.83;61.18;54.64;59.65;2961398
FR0000120537;16/01/15;59.63;60.36;57.68;59.43;1372636
FR0000120537;19/01/15;59.46;60.70;59.21;59.43;857241
FR0000120537;20/01/15;59.32;60.21;58.85;59.06;761413
FR0000120537;21/01/15;59.15;59.59;57.62;59.59;926367
FR0000120537;22/01/15;59.54;60.94;58.15;60.71;877496
FR0000120537;23/01/15;61.00;62.20;60.80;61.74;978756
FR0000120537;26/01/15;61.28;62.27;61.14;61.43;793810
FR0000120537;27/01/15;61.30;61.60;60.10;60.44;674672
FR0000120537;28/01/15;60.98;61.07;59.74;60.84;506197
FR0000120537;29/01/15;60.62;60.73;59.77;60.38;567589
FR0000120537;30/01/15;60.49;60.96;60.12;60.81;687988
FR0000120537;02/02/15;61.20;62.00;60.72;61.90;1038268
FR0000120537;03/02/15;62.20;64.12;62.09;63.28;1525435
FR0000120537;04/02/15;63.07;63.44;62.50;63.36;710661
FR0000120537;05/02/15;62.92;63.55;62.51;63.27;668403
FR0000120537;06/02/15;63.21;63.45;62.91;63.21;466525
FR0000120537;09/02/15;62.73;63.99;62.48;63.58;612358
FR0000120537;10/02/15;63.62;64.79;63.04;64.79;838027
FR0000120537;11/02/15;64.44;64.58;63.34;63.47;442046
FR0000120537;12/02/15;63.35;65.02;63.27;64.90;795162
FR0000120537;13/02/15;64.93;65.25;64.33;64.34;690060
FR0000120537;16/02/15;64.16;64.96;64.14;64.87;547328
FR0000120537;17/02/15;64.10;65.37;64.01;65.00;701402
FR0000120537;18/02/15;65.10;66.66;65.10;66.20;1065502
FR0000120537;19/02/15;65.73;66.23;65.36;65.95;598897
FR0000120537;20/02/15;65.62;65.96;65.39;65.76;678747
FR0000120537;23/02/15;65.95;66.67;65.73;66.44;705545
FR0000120537;24/02/15;66.20;66.79;66.10;66.55;633246
FR0000120537;25/02/15;66.50;67.00;66.19;66.57;603012
FR0000120537;26/02/15;66.38;67.16;66.00;67.00;879692
FR0000120537;27/02/15;66.14;67.15;65.92;66.34;1071819
FR0000120537;02/03/15;66.09;66.30;63.47;63.71;1486957
FR0000120537;03/03/15;63.30;64.62;62.70;64.14;1210187
FR0000120537;04/03/15;64.45;64.59;63.42;63.91;862673
FR0000120537;05/03/15;63.88;65.04;63.88;64.00;912766
FR0000120537;06/03/15;64.01;65.51;64.01;65.27;1116091
