258
FR0000121014;03/03/14;132.50;133.50;131.00;131.05;1007721
FR0000121014;04/03/14;132.70;133.80;131.65;133.15;836498
FR0000121014;05/03/14;132.50;132.85;131.80;132.25;797926
FR0000121014;06/03/14;132.10;132.20;130.80;131.65;756615
FR0000121014;07/03/14;131.80;132.50;130.60;131.65;906213
FR0000121014;10/03/14;131.40;132.60;130.35;131.35;573107
FR0000121014;11/03/14;131.60;131.80;130.70;130.90;464696
FR0000121014;12/03/14;130.05;130.40;128.00;129.00;1044305
FR0000121014;13/03/14;130.00;130.40;128.25;128.25;805615
FR0000121014;14/03/14;127.25;127.45;125.00;126.75;1268099
FR0000121014;17/03/14;127.00;128.30;126.15;128.00;670792
FR0000121014;18/03/14;127.50;129.95;126.85;129.10;816081
FR0000121014;19/03/14;129.05;129.15;127.45;128.30;784848
FR0000121014;20/03/14;127.55;129.30;126.20;129.30;1171673
FR0000121014;21/03/14;129.25;129.95;127.85;128.95;1133645
FR0000121014;24/03/14;129.00;129.55;127.80;128.45;554379
FR0000121014;25/03/14;129.05;131.50;128.90;131.30;950918
FR0000121014;26/03/14;132.00;133.20;131.60;132.55;817799
FR0000121014;27/03/14;132.15;133.35;131.15;132.90;590289
FR0000121014;28/03/14;133.40;134.00;132.70;133.75;532743
FR0000121014;31/03/14;134.15;134.65;131.90;131.95;705254
FR0000121014;01/04/14;134.10;134.75;133.50;134.30;869017
FR0000121014;02/04/14;135.00;135.05;133.90;134.20;597645
FR0000121014;03/04/14;133.75;134.75;132.90;133.55;748170
FR0000121014;04/04/14;133.45;133.85;131.95;133.65;679404
FR0000121014;07/04/14;132.85;134.40;131.85;133.45;802304
FR0000121014;08/04/14;133.85;135.25;132.80;135.05;874703
FR0000121014;09/04/14;135.25;136.85;135.25;136.45;815609
FR0000121014;10/04/14;138.90;142.45;138.80;140.85;3072932
FR0000121014;11/04/14;140.10;141.90;139.20;141.20;1349312
FR0000121014;14/04/14;139.30;142.45;139.30;142.15;1056979
FR0000121014;15/04/14;141.70;143.30;141.40;142.00;1131499
FR0000121014;16/04/14;143.05;143.55;142.05;142.95;890355
FR0000121014;17/04/14;142.35;142.85;140.65;142.70;733457
FR0000121014;22/04/14;142.70;143.55;142.50;143.10;703888
FR0000121014;23/04/14;142.70;143.55;142.10;142.30;783380
FR0000121014;24/04/14;142.40;143.30;141.65;142.65;802627
FR0000121014;25/04/14;142.00;142.90;141.70;141.95;653855
FR0000121014;28/04/14;142.00;142.55;141.35;141.65;608633
FR0000121014;29/04/14;141.80;142.55;139.60;140.30;1183314
FR0000121014;30/04/14;139.95;142.10;139.90;141.75;669014
FR0000121014;02/05/14;141.90;142.15;140.45;140.80;635704
FR0000121014;05/05/14;140.80;140.85;138.90;140.65;458565
FR0000121014;06/05/14;140.55;141.50;139.65;140.00;489814
FR0000121014;07/05/14;139.90;141.45;139.70;140.10;700517
FR0000121014;08/05/14;140.80;142.80;140.10;142.70;884829
FR0000121014;09/05/14;141.90;142.50;141.20;141.85;472593
FR0000121014;12/05/14;141.95;143.45;141.75;143.25;497820
FR0000121014;13/05/14;143.25;143.75;142.45;142.95;788184
FR0000121014;14/05/14;142.85;142.95;141.70;142.40;800289
FR0000121014;15/05/14;142.25;144.65;141.90;143.55;1157770
FR0000121014;16/05/14;143.85;144.15;142.55;143.75;812583
FR0000121014;19/05/14;143.75;143.95;141.60;142.35;756041
FR0000121014;20/05/14;142.70;143.00;141.25;142.75;528324
FR0000121014;21/05/14;142.60;143.95;141.70;143.95;807472
FR0000121014;22/05/14;144.00;144.20;143.15;143.55;543032
FR0000121014;23/05/14;143.80;143.95;142.20;143.15;527907
FR0000121014;26/05/14;143.70;144.30;142.65;144.25;370505
FR0000121014;27/05/14;143.95;145.00;142.40;144.65;576118
FR0000121014;28/05/14;144.65;144.85;143.05;144.20;687863
FR0000121014;29/05/14;144.15;144.60;143.10;144.50;426410
FR0000121014;30/05/14;144.55;146.30;143.90;145.95;2107916
FR0000121014;02/06/14;146.10;146.35;144.00;144.70;535206
FR0000121014;03/06/14;144.90;145.55;144.55;145.05;502271
FR0000121014;04/06/14;145.05;145.80;144.20;145.25;527154
FR0000121014;05/06/14;145.00;146.00;143.85;145.75;898515
FR0000121014;06/06/14;145.40;145.40;142.70;143.25;944669
FR0000121014;09/06/14;143.90;143.95;142.85;143.45;357194
FR0000121014;10/06/14;143.90;144.60;142.90;144.60;548792
FR0000121014;11/06/14;144.80;145.75;144.00;144.90;696390
FR0000121014;12/06/14;144.60;144.95;144.05;144.75;448419
FR0000121014;13/06/14;144.60;145.00;143.40;144.40;482782
FR0000121014;16/06/14;144.20;144.80;143.40;144.35;500173
FR0000121014;17/06/14;144.55;145.60;144.50;145.40;641723
FR0000121014;18/06/14;145.30;145.95;144.85;144.85;463891
FR0000121014;19/06/14;144.00;146.30;143.80;145.70;837308
FR0000121014;20/06/14;145.70;147.20;145.40;145.70;933178
FR0000121014;23/06/14;146.45;146.45;144.40;145.50;443618
FR0000121014;24/06/14;145.50;146.30;145.15;145.85;474507
FR0000121014;25/06/14;145.45;146.50;143.70;143.70;771669
FR0000121014;26/06/14;144.10;144.10;140.05;141.25;1067168
FR0000121014;27/06/14;141.50;141.90;139.55;140.35;706167
FR0000121014;30/06/14;140.95;142.35;140.50;140.80;648871
FR0000121014;01/07/14;140.50;141.25;140.05;141.00;445701
FR0000121014;02/07/14;141.30;141.40;139.45;139.95;582004
FR0000121014;03/07/14;140.00;141.85;139.20;141.85;719810
FR0000121014;04/07/14;142.00;142.00;140.65;140.85;421224
FR0000121014;07/07/14;140.85;141.50;139.40;139.65;416284
FR0000121014;08/07/14;139.95;140.35;138.45;138.45;444400
FR0000121014;09/07/14;138.90;139.75;137.90;139.50;565701
FR0000121014;10/07/14;139.70;141.30;138.70;139.35;776272
FR0000121014;11/07/14;139.65;140.00;138.40;139.35;428508
FR0000121014;14/07/14;139.40;140.60;139.00;140.35;421097
FR0000121014;15/07/14;140.25;140.50;138.35;138.70;694928
FR0000121014;16/07/14;139.45;140.15;138.80;140.00;497857
FR0000121014;17/07/14;139.45;140.15;138.35;138.55;570190
FR0000121014;18/07/14;138.05;138.40;136.45;138.40;889529
FR0000121014;21/07/14;138.25;139.05;137.35;138.45;575549
FR0000121014;22/07/14;139.15;139.40;137.85;139.25;596487
FR0000121014;23/07/14;138.65;140.00;138.65;139.80;579867
FR0000121014;24/07/14;140.50;141.95;139.10;141.25;632668
FR0000121014;25/07/14;135.00;135.00;131.10;131.65;2725249
FR0000121014;28/07/14;132.75;132.85;131.00;131.55;911123
FR0000121014;29/07/14;131.40;132.70;131.15;131.70;740754
FR0000121014;30/07/14;131.90;132.00;129.75;130.25;848287
FR0000121014;31/07/14;130.20;130.45;128.25;128.60;1253627
FR0000121014;01/08/14;129.10;129.55;127.35;128.25;972276
FR0000121014;04/08/14;129.00;129.10;127.00;127.45;732755
FR0000121014;05/08/14;128.00;129.90;127.50;129.75;956175
FR0000121014;06/08/14;129.20;129.90;128.05;129.45;667747
FR0000121014;07/08/14;129.65;129.65;126.70;126.95;903923
FR0000121014;08/08/14;126.30;126.80;124.70;126.65;1012344
FR0000121014;11/08/14;127.85;128.50;126.85;127.65;652377
FR0000121014;12/08/14;127.35;128.65;127.05;127.90;665746
FR0000121014;13/08/14;128.70;128.85;128.00;128.50;433603
FR0000121014;14/08/14;127.50;128.60;126.50;128.20;543530
FR0000121014;15/08/14;128.20;129.25;126.65;127.20;841730
FR0000121014;18/08/14;128.55;129.45;128.45;128.50;530079
FR0000121014;19/08/14;128.90;129.80;128.50;129.65;458547
FR0000121014;20/08/14;129.90;130.10;128.85;129.85;545087
FR0000121014;21/08/14;130.40;131.25;130.10;130.65;627297
FR0000121014;22/08/14;130.85;130.95;128.65;129.50;757850
FR0000121014;25/08/14;130.65;131.85;129.80;131.85;461260
FR0000121014;26/08/14;131.70;133.45;131.60;133.15;697355
FR0000121014;27/08/14;132.90;133.20;132.40;132.70;476560
FR0000121014;28/08/14;131.85;132.40;131.35;131.80;641451
FR0000121014;29/08/14;132.25;132.55;130.90;132.05;585628
FR0000121014;01/09/14;132.15;133.50;131.95;132.90;368654
FR0000121014;02/09/14;133.85;134.15;132.45;133.05;389262
FR0000121014;03/09/14;134.95;138.20;134.95;136.90;1523323
FR0000121014;04/09/14;136.55;137.90;135.25;137.60;1163425
FR0000121014;05/09/14;136.95;137.35;135.90;136.65;678711
FR0000121014;08/09/14;137.00;137.00;134.85;136.25;604750
FR0000121014;09/09/14;135.75;137.00;135.55;135.95;536721
FR0000121014;10/09/14;135.30;136.20;135.00;135.90;533305
FR0000121014;11/09/14;136.90;137.15;134.85;136.80;725018
FR0000121014;12/09/14;137.20;137.20;135.05;136.20;512729
FR0000121014;15/09/14;136.10;137.90;136.10;136.80;553515
FR0000121014;16/09/14;136.50;136.50;135.35;135.65;632157
FR0000121014;17/09/14;135.05;135.60;134.10;134.65;812595
FR0000121014;18/09/14;135.00;135.85;134.45;135.65;563992
FR0000121014;19/09/14;135.40;136.40;134.25;134.45;1374937
FR0000121014;22/09/14;134.50;134.70;132.05;132.45;1012926
FR0000121014;23/09/14;132.35;132.55;130.15;130.75;932205
FR0000121014;24/09/14;131.05;132.85;130.55;132.70;668941
FR0000121014;25/09/14;132.60;133.15;130.60;130.80;1019414
FR0000121014;26/09/14;130.85;131.55;129.80;130.85;699453
FR0000121014;29/09/14;130.40;130.50;127.95;128.85;900227
FR0000121014;30/09/14;129.25;129.90;128.65;128.70;1394998
FR0000121014;01/10/14;128.95;130.00;127.15;127.35;1085599
FR0000121014;02/10/14;128.50;129.30;125.90;125.90;1862226
FR0000121014;03/10/14;126.85;128.15;126.30;127.85;945816
FR0000121014;06/10/14;128.40;129.30;127.50;128.20;887345
FR0000121014;07/10/14;128.20;128.35;125.60;125.75;1291168
FR0000121014;08/10/14;125.65;126.90;125.15;126.35;1168788
FR0000121014;09/10/14;127.85;128.30;126.45;127.10;1148093
FR0000121014;10/10/14;127.00;127.20;124.45;125.00;1168500
FR0000121014;13/10/14;124.15;125.85;123.90;125.60;912613
FR0000121014;14/10/14;124.80;125.60;122.85;125.10;1127815
FR0000121014;15/10/14;124.45;129.45;123.00;124.90;2372315
FR0000121014;16/10/14;125.15;126.55;121.40;123.75;1970269
FR0000121014;17/10/14;123.40;125.70;123.05;125.20;1609379
FR0000121014;20/10/14;125.10;125.90;123.95;124.95;938973
FR0000121014;21/10/14;124.75;126.75;124.40;126.55;1028440
FR0000121014;22/10/14;126.20;127.60;125.80;127.05;863643
FR0000121014;23/10/14;126.40;128.75;125.15;128.55;899640
FR0000121014;24/10/14;127.95;128.70;127.20;128.25;828075
FR0000121014;27/10/14;129.40;129.50;128.10;128.45;810767
FR0000121014;28/10/14;129.00;130.55;128.90;129.90;914912
FR0000121014;29/10/14;130.30;132.25;130.30;131.45;846467
FR0000121014;30/10/14;131.40;132.85;129.70;132.70;987244
FR0000121014;31/10/14;134.60;135.50;133.55;135.35;1225145
FR0000121014;03/11/14;135.00;135.60;134.40;134.80;773106
FR0000121014;04/11/14;134.45;134.75;131.70;131.95;1006476
FR0000121014;05/11/14;132.65;134.45;132.20;134.00;715557
FR0000121014;06/11/14;133.50;136.15;133.50;135.30;987695
FR0000121014;07/11/14;135.25;135.70;133.10;133.90;846724
FR0000121014;10/11/14;133.40;135.80;133.20;135.75;566663
FR0000121014;11/11/14;135.85;137.20;135.50;136.75;598270
FR0000121014;12/11/14;136.25;137.50;135.90;136.15;868431
FR0000121014;13/11/14;137.00;138.10;135.85;137.75;720279
FR0000121014;14/11/14;138.10;138.40;137.05;137.75;600938
FR0000121014;17/11/14;136.70;138.55;136.55;138.35;635520
FR0000121014;18/11/14;138.50;139.80;138.35;139.45;739717
FR0000121014;19/11/14;139.30;140.80;139.30;140.35;828021
FR0000121014;20/11/14;140.00;140.30;139.20;139.90;647773
FR0000121014;21/11/14;140.35;144.95;140.25;144.95;1728613
FR0000121014;24/11/14;144.50;145.00;143.50;144.30;889670
FR0000121014;25/11/14;144.35;144.50;142.80;143.80;849516
FR0000121014;26/11/14;141.90;143.70;141.30;142.95;677961
FR0000121014;27/11/14;142.95;143.60;142.60;143.00;624466
FR0000121014;28/11/14;142.85;144.70;142.85;144.50;794733
FR0000121014;01/12/14;143.55;144.40;142.80;143.75;540048
FR0000121014;02/12/14;143.00;143.75;141.85;142.30;691495
FR0000121014;03/12/14;141.55;143.40;141.45;142.55;575251
FR0000121014;04/12/14;142.35;145.20;142.20;142.40;1207651
FR0000121014;05/12/14;143.40;146.50;143.40;145.75;970959
FR0000121014;08/12/14;144.65;145.65;143.80;144.90;418998
FR0000121014;09/12/14;143.30;144.25;141.80;142.00;1127741
FR0000121014;10/12/14;142.30;144.70;141.10;141.10;1011206
FR0000121014;11/12/14;140.45;141.80;139.75;141.00;1087826
FR0000121014;12/12/14;140.00;140.30;137.60;137.60;1084172
FR0000121014;15/12/14;137.00;139.55;134.80;134.80;1505452
FR0000121014;16/12/14;135.85;136.80;131.75;136.80;2066859
FR0000121014;17/12/14;129.00;129.30;123.50;125.85;2143039
FR0000121014;18/12/14;128.85;130.25;126.90;130.25;1616268
FR0000121014;19/12/14;131.15;132.15;128.65;129.95;1901848
FR0000121014;22/12/14;130.50;131.65;130.10;131.05;644378
FR0000121014;23/12/14;131.55;132.50;130.90;132.50;598943
FR0000121014;24/12/14;132.20;132.65;131.65;131.90;91753
FR0000121014;29/12/14;131.40;132.50;130.80;132.50;631691
FR0000121014;30/12/14;131.80;132.20;131.10;131.15;422885
FR0000121014;31/12/14;131.15;132.80;131.15;132.25;134755
FR0000121014;02/01/15;132.50;133.70;129.90;130.85;614377
FR0000121014;05/01/15;130.05;131.85;126.75;127.05;1053659
FR0000121014;06/01/15;127.10;127.55;125.50;125.60;896487
FR0000121014;07/01/15;125.80;126.15;123.50;125.70;1341253
FR0000121014;08/01/15;127.50;130.05;126.35;129.65;1155174
FR0000121014;09/01/15;129.35;130.60;127.10;127.70;961806
FR0000121014;12/01/15;128.50;132.40;128.25;131.95;1374599
FR0000121014;13/01/15;130.90;133.50;130.55;132.95;1018643
FR0000121014;14/01/15;131.50;134.15;130.90;132.70;1453549
FR0000121014;15/01/15;133.80;135.40;129.30;135.05;2274019
FR0000121014;16/01/15;134.20;135.05;132.75;134.20;1363101
FR0000121014;19/01/15;134.55;135.10;132.95;134.20;911823
FR0000121014;20/01/15;134.20;136.50;133.45;136.50;1083427
FR0000121014;21/01/15;137.00;137.85;135.95;137.40;1381031
FR0000121014;22/01/15;137.05;138.70;136.05;137.85;1309411
FR0000121014;23/01/15;139.00;143.30;138.15;141.85;1737416
FR0000121014;26/01/15;141.40;144.75;141.10;144.65;1142528
FR0000121014;27/01/15;144.80;145.70;143.25;145.10;1219438
FR0000121014;28/01/15;145.95;146.00;144.10;145.20;1122852
FR0000121014;29/01/15;144.25;145.25;142.75;144.70;1409184
FR0000121014;30/01/15;145.25;146.00;142.70;143.50;1181039
FR0000121014;02/02/15;144.45;146.00;142.60;143.30;1148343
FR0000121014;03/02/15;143.30;145.00;141.80;144.50;1190779
FR0000121014;04/02/15;151.70;156.45;151.50;156.25;3126781
FR0000121014;05/02/15;154.70;155.45;152.75;153.50;1813581
FR0000121014;06/02/15;152.95;154.00;152.50;152.80;1021962
FR0000121014;09/02/15;151.50;152.30;149.80;150.60;1195742
FR0000121014;10/02/15;151.65;156.15;151.40;156.15;1397351
FR0000121014;11/02/15;155.50;157.60;155.00;156.55;885327
FR0000121014;12/02/15;157.00;159.95;156.70;159.15;1474893
FR0000121014;13/02/15;159.35;160.00;158.05;158.50;862611
FR0000121014;16/02/15;157.95;158.15;156.30;156.95;687173
FR0000121014;17/02/15;156.90;157.75;154.80;157.60;676920
FR0000121014;18/02/15;158.10;158.85;157.30;158.75;576207
FR0000121014;19/02/15;158.15;160.85;157.45;160.80;687559
FR0000121014;20/02/15;160.45;161.00;158.80;161.00;1010041
FR0000121014;23/02/15;162.10;162.45;160.30;161.25;654545
FR0000121014;24/02/15;161.85;161.90;159.85;161.20;612916
FR0000121014;25/02/15;160.60;161.75;160.35;161.60;575695
FR0000121014;26/02/15;161.90;162.30;160.95;161.95;748534
FR0000121014;27/02/15;161.40;163.90;161.25;163.90;855078
FR0000121014;02/03/15;163.90;164.85;163.20;164.75;845868
FR0000121014;03/03/15;165.00;166.30;162.15;162.40;760748
FR0000121014;04/03/15;163.30;165.10;162.50;165.10;903311
FR0000121014;05/03/15;165.40;168.00;165.15;167.70;795135
FR0000121014;06/03/15;167.35;169.10;167.30;168.90;800225
