258
FR0000130577;03/03/14;68.04;68.04;67.00;67.05;793166
FR0000130577;04/03/14;67.49;68.15;67.25;67.71;612759
FR0000130577;05/03/14;67.57;67.87;67.24;67.31;542379
FR0000130577;06/03/14;67.38;68.29;67.33;67.89;542158
FR0000130577;07/03/14;67.76;68.09;67.41;68.00;680298
FR0000130577;10/03/14;67.95;68.18;66.20;66.31;657316
FR0000130577;11/03/14;66.05;66.34;65.30;65.77;956580
FR0000130577;12/03/14;65.44;65.75;64.37;65.29;564186
FR0000130577;13/03/14;65.36;65.54;64.75;64.82;439506
FR0000130577;14/03/14;64.70;64.70;63.81;64.06;716431
FR0000130577;17/03/14;64.20;64.90;63.91;64.74;556920
FR0000130577;18/03/14;64.51;65.42;64.14;65.11;823797
FR0000130577;19/03/14;64.62;64.91;64.31;64.39;495560
FR0000130577;20/03/14;64.10;64.38;63.31;64.30;695758
FR0000130577;21/03/14;64.31;64.85;64.22;64.75;812374
FR0000130577;24/03/14;64.88;65.00;63.84;63.94;510056
FR0000130577;25/03/14;64.28;64.54;63.99;64.25;510461
FR0000130577;26/03/14;64.43;65.93;64.26;65.79;897077
FR0000130577;27/03/14;65.41;65.85;65.19;65.26;722086
FR0000130577;28/03/14;65.50;65.89;64.58;65.57;583865
FR0000130577;31/03/14;65.95;66.02;65.24;65.58;632179
FR0000130577;01/04/14;65.71;65.99;64.22;64.57;788899
FR0000130577;02/04/14;64.69;65.09;64.25;64.31;556824
FR0000130577;03/04/14;64.40;65.65;64.35;65.26;615212
FR0000130577;04/04/14;65.41;65.43;64.69;64.84;642933
FR0000130577;07/04/14;64.50;64.80;63.20;63.32;842710
FR0000130577;08/04/14;63.62;63.62;61.82;62.25;962719
FR0000130577;09/04/14;62.51;63.52;62.48;63.33;656459
FR0000130577;10/04/14;63.30;63.99;62.72;63.04;732258
FR0000130577;11/04/14;62.35;62.35;60.73;60.83;1195452
FR0000130577;14/04/14;60.50;61.14;59.61;61.00;1175172
FR0000130577;15/04/14;61.05;61.60;60.78;61.20;760348
FR0000130577;16/04/14;61.52;63.05;61.51;63.05;858562
FR0000130577;17/04/14;65.65;65.90;63.78;63.89;935173
FR0000130577;22/04/14;64.27;64.69;62.43;63.44;860851
FR0000130577;23/04/14;62.82;62.96;61.10;61.75;1135233
FR0000130577;24/04/14;62.27;62.40;61.71;62.11;703872
FR0000130577;25/04/14;62.04;62.20;61.35;61.80;652581
FR0000130577;28/04/14;61.35;61.68;60.25;60.39;853120
FR0000130577;29/04/14;60.36;60.49;59.86;60.27;1515806
FR0000130577;30/04/14;60.40;61.40;60.28;61.40;993622
FR0000130577;02/05/14;61.42;62.13;60.83;61.08;820804
FR0000130577;05/05/14;60.80;61.40;60.47;61.21;307920
FR0000130577;06/05/14;61.21;61.40;60.40;60.72;528931
FR0000130577;07/05/14;60.51;60.62;60.15;60.30;667069
FR0000130577;08/05/14;60.48;60.83;60.13;60.69;592536
FR0000130577;09/05/14;61.53;62.40;59.80;60.20;4752615
FR0000130577;12/05/14;60.50;60.58;59.80;60.51;1112272
FR0000130577;13/05/14;60.47;61.14;59.98;60.85;1501735
FR0000130577;14/05/14;60.75;60.91;60.11;60.25;780742
FR0000130577;15/05/14;60.20;60.31;58.97;59.16;1093585
FR0000130577;16/05/14;59.26;59.41;58.55;59.33;1152189
FR0000130577;19/05/14;59.19;59.79;58.69;59.74;752803
FR0000130577;20/05/14;60.00;61.43;59.75;60.91;948657
FR0000130577;21/05/14;60.98;61.67;60.73;61.60;708188
FR0000130577;22/05/14;61.79;62.31;61.56;62.30;659889
FR0000130577;23/05/14;62.35;62.60;61.86;62.59;720169
FR0000130577;26/05/14;62.70;62.76;62.36;62.63;239368
FR0000130577;27/05/14;62.50;63.28;62.41;62.96;570998
FR0000130577;28/05/14;63.15;63.44;62.80;63.43;553430
FR0000130577;29/05/14;63.36;63.60;62.94;63.14;527285
FR0000130577;30/05/14;63.08;63.28;62.53;63.28;624343
FR0000130577;02/06/14;63.39;63.59;62.74;63.26;464106
FR0000130577;03/06/14;62.00;62.30;61.28;61.49;688587
FR0000130577;04/06/14;61.15;61.27;60.46;60.94;601626
FR0000130577;05/06/14;60.97;61.27;60.52;60.68;686992
FR0000130577;06/06/14;60.96;61.23;60.66;61.00;450199
FR0000130577;09/06/14;61.18;62.10;60.91;61.82;351949
FR0000130577;10/06/14;61.72;63.18;61.72;63.05;740130
FR0000130577;11/06/14;63.14;64.05;63.07;63.85;1009511
FR0000130577;12/06/14;64.15;64.15;62.86;63.11;706468
FR0000130577;13/06/14;62.89;63.02;61.83;62.35;467391
FR0000130577;16/06/14;62.02;62.58;61.76;61.97;419584
FR0000130577;17/06/14;62.28;62.59;61.91;62.08;525202
FR0000130577;18/06/14;62.03;62.03;60.94;61.33;667495
FR0000130577;19/06/14;61.90;62.04;61.70;61.97;495927
FR0000130577;20/06/14;62.05;62.56;61.75;62.22;1214868
FR0000130577;23/06/14;62.20;62.22;61.47;61.75;641855
FR0000130577;24/06/14;61.86;62.20;61.62;61.66;460122
FR0000130577;25/06/14;61.54;61.73;61.25;61.48;615482
FR0000130577;26/06/14;61.50;61.95;61.18;61.80;485243
FR0000130577;27/06/14;62.13;62.19;61.77;62.01;413921
FR0000130577;30/06/14;62.17;62.54;61.83;61.94;414095
FR0000130577;01/07/14;62.01;62.33;61.93;62.00;427193
FR0000130577;02/07/14;62.00;62.12;61.13;61.22;558658
FR0000130577;03/07/14;61.23;61.53;60.81;61.07;739721
FR0000130577;04/07/14;61.26;61.64;61.06;61.37;335780
FR0000130577;07/07/14;61.10;61.36;60.80;60.90;296863
FR0000130577;08/07/14;60.83;60.95;59.43;59.72;581156
FR0000130577;09/07/14;59.93;60.50;59.48;60.46;739181
FR0000130577;10/07/14;60.60;60.63;59.01;59.30;634275
FR0000130577;11/07/14;59.33;59.46;58.84;59.01;298660
FR0000130577;14/07/14;59.11;59.40;58.84;59.22;315165
FR0000130577;15/07/14;58.97;59.12;58.56;58.68;434999
FR0000130577;16/07/14;58.70;60.08;58.70;59.73;465979
FR0000130577;17/07/14;59.54;59.90;59.26;59.53;437429
FR0000130577;18/07/14;59.24;59.48;58.94;59.46;412890
FR0000130577;21/07/14;59.50;59.52;58.62;58.87;311210
FR0000130577;22/07/14;56.05;56.75;55.14;56.11;2090642
FR0000130577;23/07/14;55.88;58.05;55.03;58.00;2344983
FR0000130577;24/07/14;57.99;58.50;57.63;58.32;1228709
FR0000130577;25/07/14;58.00;58.48;57.42;57.55;865418
FR0000130577;28/07/14;56.86;57.07;55.76;55.82;831254
FR0000130577;29/07/14;55.67;55.74;54.60;54.76;1168210
FR0000130577;30/07/14;54.80;55.20;54.05;55.11;767485
FR0000130577;31/07/14;55.16;55.24;54.00;54.35;864863
FR0000130577;01/08/14;54.22;54.30;53.15;53.61;922681
FR0000130577;04/08/14;53.76;54.03;53.19;53.66;667271
FR0000130577;05/08/14;53.77;53.88;53.51;53.83;639857
FR0000130577;06/08/14;53.58;54.36;53.36;54.13;751978
FR0000130577;07/08/14;54.14;54.14;53.65;53.76;605980
FR0000130577;08/08/14;53.40;54.16;53.24;54.16;671583
FR0000130577;11/08/14;54.50;55.04;54.24;55.00;469919
FR0000130577;12/08/14;54.84;55.00;54.52;54.61;458779
FR0000130577;13/08/14;54.82;54.94;54.17;54.48;432766
FR0000130577;14/08/14;54.26;54.59;54.12;54.38;396553
FR0000130577;15/08/14;54.47;55.38;54.19;54.26;495797
FR0000130577;18/08/14;54.84;54.95;54.54;54.62;432384
FR0000130577;19/08/14;54.67;55.29;54.41;54.91;344880
FR0000130577;20/08/14;55.18;55.59;54.86;55.46;431381
FR0000130577;21/08/14;55.39;55.97;55.19;55.25;579706
FR0000130577;22/08/14;55.18;55.60;55.09;55.47;431331
FR0000130577;25/08/14;55.73;56.20;55.60;56.14;277800
FR0000130577;26/08/14;56.09;58.05;55.97;57.59;895113
FR0000130577;27/08/14;57.48;57.61;56.87;57.47;460801
FR0000130577;28/08/14;57.32;57.39;56.45;57.05;532681
FR0000130577;29/08/14;57.20;57.22;55.94;56.70;765165
FR0000130577;01/09/14;56.76;57.22;56.67;57.22;292033
FR0000130577;02/09/14;57.21;57.48;57.01;57.32;398658
FR0000130577;03/09/14;57.36;57.92;57.11;57.37;368340
FR0000130577;04/09/14;57.17;58.37;56.98;58.31;607638
FR0000130577;05/09/14;58.09;58.53;58.03;58.10;484386
FR0000130577;08/09/14;58.10;58.24;57.23;57.55;434055
FR0000130577;09/09/14;57.28;58.02;57.27;57.60;451285
FR0000130577;10/09/14;57.42;57.85;57.25;57.50;424029
FR0000130577;11/09/14;57.63;57.80;56.85;57.04;444132
FR0000130577;12/09/14;57.04;57.04;56.63;56.80;377725
FR0000130577;15/09/14;56.60;56.65;56.32;56.39;236610
FR0000130577;16/09/14;56.79;57.30;56.43;56.62;738242
FR0000130577;17/09/14;56.91;57.05;56.77;56.91;394711
FR0000130577;18/09/14;56.96;57.72;56.89;57.71;459389
FR0000130577;19/09/14;57.90;57.90;56.90;56.95;1023603
FR0000130577;22/09/14;56.59;56.61;54.86;55.00;1098385
FR0000130577;23/09/14;54.94;55.04;53.88;54.00;812346
FR0000130577;24/09/14;53.96;53.97;53.02;53.70;748673
FR0000130577;25/09/14;53.70;54.79;53.58;53.92;979189
FR0000130577;26/09/14;54.00;54.37;53.56;53.95;513437
FR0000130577;29/09/14;53.95;54.40;53.55;54.01;690755
FR0000130577;30/09/14;53.99;54.48;53.72;54.37;794169
FR0000130577;01/10/14;54.10;55.04;53.68;54.18;811186
FR0000130577;02/10/14;54.60;55.35;53.56;53.56;966929
FR0000130577;03/10/14;53.85;53.88;53.16;53.28;678114
FR0000130577;06/10/14;53.76;54.92;53.52;54.70;532662
FR0000130577;07/10/14;54.89;54.89;53.70;53.70;761288
FR0000130577;08/10/14;53.64;53.74;52.54;52.84;794873
FR0000130577;09/10/14;53.30;53.40;52.29;52.72;662219
FR0000130577;10/10/14;52.37;52.51;51.65;51.68;1031933
FR0000130577;13/10/14;51.28;52.04;51.03;51.28;709536
FR0000130577;14/10/14;50.97;51.58;50.28;51.44;972124
FR0000130577;15/10/14;51.45;51.78;50.03;50.44;1049483
FR0000130577;16/10/14;50.63;51.55;49.62;51.39;1469456
FR0000130577;17/10/14;51.55;53.36;51.47;53.21;1326019
FR0000130577;20/10/14;53.08;53.17;51.76;51.76;1042281
FR0000130577;21/10/14;51.33;53.28;51.32;53.28;1095495
FR0000130577;22/10/14;53.28;54.03;53.22;53.55;984545
FR0000130577;23/10/14;52.39;52.79;49.635;52.00;2104627
FR0000130577;24/10/14;51.99;52.10;51.27;51.34;1119695
FR0000130577;27/10/14;51.85;51.99;51.27;51.57;582472
FR0000130577;28/10/14;51.93;52.64;51.91;52.58;705571
FR0000130577;29/10/14;52.80;53.73;52.80;53.41;608364
FR0000130577;30/10/14;53.47;54.23;53.17;54.04;722604
FR0000130577;31/10/14;54.46;55.58;54.46;55.27;1009528
FR0000130577;03/11/14;54.00;54.36;52.10;54.02;1764796
FR0000130577;04/11/14;54.00;55.80;54.00;54.59;1085492
FR0000130577;05/11/14;54.88;55.61;54.88;55.12;645745
FR0000130577;06/11/14;54.90;56.05;54.90;55.74;806813
FR0000130577;07/11/14;55.87;56.60;55.86;56.16;750739
FR0000130577;10/11/14;56.11;56.88;56.02;56.85;543535
FR0000130577;11/11/14;56.90;57.05;56.80;56.98;587162
FR0000130577;12/11/14;56.80;57.13;55.92;55.97;996090
FR0000130577;13/11/14;56.41;57.17;56.18;56.60;674039
FR0000130577;14/11/14;56.81;57.46;56.55;57.07;533931
FR0000130577;17/11/14;56.71;57.28;56.37;57.19;377431
FR0000130577;18/11/14;57.31;57.70;57.19;57.30;507932
FR0000130577;19/11/14;57.36;57.48;56.54;56.95;673605
FR0000130577;20/11/14;56.91;57.26;56.46;57.07;442175
FR0000130577;21/11/14;57.25;58.03;57.05;57.90;664917
FR0000130577;24/11/14;57.82;58.51;57.54;58.14;524222
FR0000130577;25/11/14;58.40;58.57;57.94;58.35;763616
FR0000130577;26/11/14;58.40;58.52;57.68;57.89;504549
FR0000130577;27/11/14;58.06;58.44;57.79;58.43;272825
FR0000130577;28/11/14;58.50;59.08;58.20;59.06;653472
FR0000130577;01/12/14;58.79;59.29;58.65;58.90;554592
FR0000130577;02/12/14;59.18;59.63;58.81;59.34;494000
FR0000130577;03/12/14;59.27;59.65;59.13;59.38;580770
FR0000130577;04/12/14;59.41;59.73;58.71;59.70;1369109
FR0000130577;05/12/14;59.38;60.45;59.38;60.42;860274
FR0000130577;08/12/14;60.17;60.48;59.92;60.31;496725
FR0000130577;09/12/14;60.02;60.41;59.05;59.19;774561
FR0000130577;10/12/14;59.51;59.81;58.93;59.10;461404
FR0000130577;11/12/14;59.05;59.52;58.98;59.18;596721
FR0000130577;12/12/14;59.00;59.08;57.14;57.14;807845
FR0000130577;15/12/14;57.09;58.04;56.22;56.31;727876
FR0000130577;16/12/14;56.40;57.88;56.15;57.86;1053640
FR0000130577;17/12/14;57.32;57.89;57.03;57.35;635311
FR0000130577;18/12/14;58.04;58.57;57.66;58.39;892142
FR0000130577;19/12/14;58.70;59.40;58.53;59.23;1055915
FR0000130577;22/12/14;59.42;59.99;59.30;59.86;431295
FR0000130577;23/12/14;59.86;60.46;59.75;60.46;462996
FR0000130577;24/12/14;60.35;60.35;59.85;59.90;65922
FR0000130577;29/12/14;59.90;60.71;59.45;60.71;374059
FR0000130577;30/12/14;60.63;60.78;59.71;59.71;286060
FR0000130577;31/12/14;59.65;59.98;59.39;59.64;122076
FR0000130577;02/01/15;59.85;59.91;58.97;59.26;340480
FR0000130577;05/01/15;59.09;59.52;58.04;58.08;443504
FR0000130577;06/01/15;58.24;58.56;57.34;57.90;744843
FR0000130577;07/01/15;58.17;58.56;57.73;58.32;639761
FR0000130577;08/01/15;58.81;59.31;58.27;59.20;1414469
FR0000130577;09/01/15;59.04;59.98;58.72;58.96;818160
FR0000130577;12/01/15;59.35;59.96;59.09;59.73;540184
FR0000130577;13/01/15;59.64;60.59;59.56;60.14;653360
FR0000130577;14/01/15;60.36;60.73;59.95;60.08;1297851
FR0000130577;15/01/15;60.61;61.30;59.41;61.15;1504883
FR0000130577;16/01/15;61.12;63.02;61.12;62.74;1547227
FR0000130577;19/01/15;62.75;62.97;62.39;62.68;484818
FR0000130577;20/01/15;62.70;64.25;62.62;63.99;888100
FR0000130577;21/01/15;64.17;64.50;63.43;64.17;687334
FR0000130577;22/01/15;64.25;66.11;64.21;65.83;1022219
FR0000130577;23/01/15;66.40;67.49;65.90;67.42;1099198
FR0000130577;26/01/15;67.09;67.87;67.01;67.75;527685
FR0000130577;27/01/15;67.82;67.97;66.75;67.04;749891
FR0000130577;28/01/15;67.26;67.63;66.35;66.50;845096
FR0000130577;29/01/15;66.17;67.00;65.92;66.42;735357
FR0000130577;30/01/15;66.56;66.93;66.30;66.43;966010
FR0000130577;02/02/15;66.53;67.10;65.77;66.37;833766
FR0000130577;03/02/15;66.33;67.31;65.94;67.07;772564
FR0000130577;04/02/15;66.99;68.08;66.86;68.08;746176
FR0000130577;05/02/15;67.62;68.20;67.43;67.94;581990
FR0000130577;06/02/15;68.00;68.00;67.30;67.59;470608
FR0000130577;09/02/15;67.14;67.17;66.40;66.79;570603
FR0000130577;10/02/15;66.95;67.73;66.68;67.25;516739
FR0000130577;11/02/15;67.35;67.57;66.75;67.05;624260
FR0000130577;12/02/15;68.70;70.85;68.51;69.56;1389288
FR0000130577;13/02/15;69.56;70.04;69.51;69.94;870259
FR0000130577;16/02/15;70.00;70.71;69.75;70.60;570682
FR0000130577;17/02/15;70.35;70.42;69.39;69.62;542174
FR0000130577;18/02/15;69.94;71.47;69.81;71.08;605929
FR0000130577;19/02/15;71.00;71.73;70.59;71.65;515356
FR0000130577;20/02/15;71.47;71.68;70.87;71.28;767431
FR0000130577;23/02/15;71.50;72.08;71.27;72.03;594315
FR0000130577;24/02/15;72.10;72.68;71.77;72.29;528883
FR0000130577;25/02/15;72.23;72.45;71.43;71.85;540565
FR0000130577;26/02/15;71.64;72.76;71.43;72.76;461890
FR0000130577;27/02/15;72.62;73.23;72.23;72.87;624909
FR0000130577;02/03/15;72.95;73.06;72.47;72.90;562652
FR0000130577;03/03/15;73.23;73.56;72.18;72.23;512245
FR0000130577;04/03/15;72.50;72.78;71.43;72.32;714375
FR0000130577;05/03/15;72.34;73.52;72.33;73.46;454262
FR0000130577;06/03/15;73.50;73.92;73.21;73.92;501219
