258
FR0000120693;03/03/14;84.50;84.92;83.49;83.70;649839
FR0000120693;04/03/14;84.50;85.42;84.35;84.50;705852
FR0000120693;05/03/14;84.32;84.58;83.34;83.34;625815
FR0000120693;06/03/14;83.64;84.45;83.44;84.18;512589
FR0000120693;07/03/14;84.28;84.50;83.97;84.15;793742
FR0000120693;10/03/14;83.98;84.68;83.75;84.20;520108
FR0000120693;11/03/14;84.40;84.40;83.41;83.95;382560
FR0000120693;12/03/14;83.86;83.86;81.87;81.92;502691
FR0000120693;13/03/14;82.16;82.17;81.59;81.59;440158
FR0000120693;14/03/14;81.33;82.49;80.35;81.54;966838
FR0000120693;17/03/14;81.46;81.48;80.84;81.16;457762
FR0000120693;18/03/14;80.95;81.90;80.67;81.56;603894
FR0000120693;19/03/14;81.37;81.47;80.69;80.80;500424
FR0000120693;20/03/14;80.69;80.76;79.56;80.39;622267
FR0000120693;21/03/14;80.65;81.09;80.03;80.93;1018919
FR0000120693;24/03/14;81.02;81.46;80.90;81.10;435577
FR0000120693;25/03/14;81.46;82.22;81.16;81.70;725705
FR0000120693;26/03/14;82.26;84.20;82.23;83.51;798625
FR0000120693;27/03/14;82.83;84.03;81.78;84.03;657249
FR0000120693;28/03/14;84.07;85.40;84.07;84.96;572389
FR0000120693;31/03/14;85.19;85.45;84.30;84.50;547087
FR0000120693;01/04/14;84.42;84.56;83.64;84.38;383561
FR0000120693;02/04/14;84.41;84.56;83.74;84.16;336234
FR0000120693;03/04/14;82.32;83.32;81.72;83.16;760517
FR0000120693;04/04/14;83.99;84.30;83.35;84.21;455458
FR0000120693;07/04/14;83.69;84.45;83.54;84.45;357551
FR0000120693;08/04/14;84.34;84.48;83.70;84.03;719585
FR0000120693;09/04/14;84.31;85.76;84.24;85.23;626363
FR0000120693;10/04/14;84.90;85.45;84.34;84.82;441582
FR0000120693;11/04/14;84.44;84.74;84.01;84.34;413822
FR0000120693;14/04/14;84.17;87.18;84.16;86.70;711455
FR0000120693;15/04/14;86.59;87.85;86.22;87.24;710619
FR0000120693;16/04/14;87.65;88.06;86.70;88.06;737972
FR0000120693;17/04/14;86.40;86.40;84.80;85.65;1031556
FR0000120693;22/04/14;85.94;86.56;85.72;85.94;534603
FR0000120693;23/04/14;85.86;86.16;85.14;85.67;578724
FR0000120693;24/04/14;85.57;86.56;84.95;85.70;542436
FR0000120693;25/04/14;85.37;85.66;84.77;85.15;437005
FR0000120693;28/04/14;85.01;86.28;85.01;85.81;356925
FR0000120693;29/04/14;86.11;86.45;85.57;86.07;380766
FR0000120693;30/04/14;86.10;86.51;85.89;86.51;536159
FR0000120693;02/05/14;86.26;87.29;85.92;86.61;490258
FR0000120693;05/05/14;86.55;86.60;85.28;86.12;288910
FR0000120693;06/05/14;86.23;86.51;85.48;85.63;252896
FR0000120693;07/05/14;85.46;86.36;85.41;86.30;547740
FR0000120693;08/05/14;86.45;86.69;86.17;86.42;472025
FR0000120693;09/05/14;85.96;86.40;85.84;86.08;374032
FR0000120693;12/05/14;86.25;86.59;85.99;86.47;425278
FR0000120693;13/05/14;86.47;86.68;86.15;86.68;629851
FR0000120693;14/05/14;86.82;87.00;86.20;86.76;434841
FR0000120693;15/05/14;86.67;87.81;86.52;87.44;661805
FR0000120693;16/05/14;87.90;90.19;87.50;88.94;895331
FR0000120693;19/05/14;88.79;89.32;88.46;89.00;440164
FR0000120693;20/05/14;89.24;89.37;88.27;88.37;487809
FR0000120693;21/05/14;88.05;88.42;87.86;88.25;349888
FR0000120693;22/05/14;88.54;89.47;88.26;89.32;398926
FR0000120693;23/05/14;89.35;89.64;88.64;89.22;366780
FR0000120693;26/05/14;89.53;89.53;88.96;89.24;175587
FR0000120693;27/05/14;89.14;89.41;88.61;89.19;290222
FR0000120693;28/05/14;89.14;89.17;87.82;88.57;456602
FR0000120693;29/05/14;88.65;89.46;88.49;89.30;294206
FR0000120693;30/05/14;89.36;90.20;88.93;89.95;511977
FR0000120693;02/06/14;90.08;90.14;88.98;89.55;300348
FR0000120693;03/06/14;89.43;89.50;88.80;89.46;296825
FR0000120693;04/06/14;89.57;89.87;88.20;88.60;412509
FR0000120693;05/06/14;88.50;89.89;88.49;88.95;577392
FR0000120693;06/06/14;89.26;89.26;87.46;87.66;629190
FR0000120693;09/06/14;87.77;88.07;87.07;87.96;420040
FR0000120693;10/06/14;88.00;88.50;87.52;88.01;546030
FR0000120693;11/06/14;88.21;88.86;87.83;88.42;649234
FR0000120693;12/06/14;88.34;88.99;88.34;88.49;356465
FR0000120693;13/06/14;88.49;89.01;88.20;88.53;418698
FR0000120693;16/06/14;88.45;88.80;87.85;88.38;352696
FR0000120693;17/06/14;88.41;89.02;87.92;88.68;427489
FR0000120693;18/06/14;88.62;88.82;87.90;88.10;429335
FR0000120693;19/06/14;88.10;89.21;88.06;88.33;466462
FR0000120693;20/06/14;88.22;89.21;88.09;88.51;599840
FR0000120693;23/06/14;88.71;88.78;87.75;88.17;335772
FR0000120693;24/06/14;88.15;88.66;87.84;88.52;290051
FR0000120693;25/06/14;88.52;88.73;87.10;87.58;481341
FR0000120693;26/06/14;87.54;88.08;87.03;87.45;552839
FR0000120693;27/06/14;87.39;87.69;87.09;87.55;288853
FR0000120693;30/06/14;87.78;88.18;87.45;87.70;332815
FR0000120693;01/07/14;87.86;88.19;87.47;88.08;336143
FR0000120693;02/07/14;87.94;88.58;87.50;88.38;419619
FR0000120693;03/07/14;87.44;88.23;87.10;87.86;448965
FR0000120693;04/07/14;87.70;89.03;87.54;88.46;377086
FR0000120693;07/07/14;88.23;88.35;87.44;87.75;421151
FR0000120693;08/07/14;87.62;87.75;86.44;86.59;372717
FR0000120693;09/07/14;86.49;87.19;86.23;86.74;403449
FR0000120693;10/07/14;86.62;86.81;85.75;85.81;509948
FR0000120693;11/07/14;85.46;86.10;84.79;85.74;422121
FR0000120693;14/07/14;85.74;86.45;85.64;86.10;245911
FR0000120693;15/07/14;85.94;86.70;85.75;85.97;341913
FR0000120693;16/07/14;85.80;86.54;85.75;85.85;417747
FR0000120693;17/07/14;85.65;86.73;85.26;85.61;415642
FR0000120693;18/07/14;85.27;86.75;85.11;85.86;1000235
FR0000120693;21/07/14;86.02;86.02;85.16;85.44;319335
FR0000120693;22/07/14;85.68;85.87;85.22;85.61;411695
FR0000120693;23/07/14;85.34;86.52;85.30;86.04;361670
FR0000120693;24/07/14;85.91;86.45;85.36;86.23;370192
FR0000120693;25/07/14;85.83;86.15;84.67;84.93;423662
FR0000120693;28/07/14;85.05;85.68;84.90;85.00;330169
FR0000120693;29/07/14;85.06;86.39;84.92;85.98;382451
FR0000120693;30/07/14;86.09;86.15;84.86;85.09;400047
FR0000120693;31/07/14;84.96;85.14;83.44;83.70;503075
FR0000120693;01/08/14;83.61;84.14;82.62;83.19;448118
FR0000120693;04/08/14;83.47;83.83;83.10;83.63;428977
FR0000120693;05/08/14;83.79;85.33;83.59;85.06;529355
FR0000120693;06/08/14;84.84;85.43;84.28;85.22;617976
FR0000120693;07/08/14;85.33;85.33;84.36;84.60;509962
FR0000120693;08/08/14;84.11;84.35;83.18;83.75;456921
FR0000120693;11/08/14;84.01;84.40;83.72;84.20;269312
FR0000120693;12/08/14;84.19;84.36;83.56;84.25;275277
FR0000120693;13/08/14;84.56;84.88;84.39;84.64;352965
FR0000120693;14/08/14;84.33;85.49;84.09;85.25;251847
FR0000120693;15/08/14;85.49;86.62;85.15;85.32;499343
FR0000120693;18/08/14;86.03;87.06;86.03;86.88;319074
FR0000120693;19/08/14;87.00;87.84;86.75;87.65;438310
FR0000120693;20/08/14;87.45;87.77;87.16;87.73;318982
FR0000120693;21/08/14;87.90;88.23;86.47;86.75;484597
FR0000120693;22/08/14;86.63;86.89;86.00;86.32;338750
FR0000120693;25/08/14;86.66;87.52;86.50;87.44;254662
FR0000120693;26/08/14;87.36;87.99;87.16;87.70;289659
FR0000120693;27/08/14;87.50;88.21;87.44;88.06;400467
FR0000120693;28/08/14;87.67;90.45;87.26;88.75;791424
FR0000120693;29/08/14;89.00;89.74;88.49;89.74;735397
FR0000120693;01/09/14;89.74;90.07;89.05;89.55;311235
FR0000120693;02/09/14;89.80;89.81;89.15;89.70;432760
FR0000120693;03/09/14;89.64;90.76;89.59;90.00;458442
FR0000120693;04/09/14;89.73;91.12;89.58;91.12;657567
FR0000120693;05/09/14;90.65;91.00;89.98;90.06;496714
FR0000120693;08/09/14;89.76;90.73;89.64;90.42;432667
FR0000120693;09/09/14;91.01;92.48;90.98;91.72;746674
FR0000120693;10/09/14;91.55;92.45;91.55;92.09;597578
FR0000120693;11/09/14;92.23;92.25;90.87;91.06;640052
FR0000120693;12/09/14;91.09;91.33;90.30;90.49;399304
FR0000120693;15/09/14;90.25;91.13;90.25;90.94;476717
FR0000120693;16/09/14;90.77;90.98;89.89;90.28;377176
FR0000120693;17/09/14;90.49;91.62;90.36;91.21;559892
FR0000120693;18/09/14;91.00;91.44;90.80;90.97;419480
FR0000120693;19/09/14;91.40;91.81;90.80;91.12;852174
FR0000120693;22/09/14;90.97;91.20;90.48;90.87;399772
FR0000120693;23/09/14;91.09;91.20;88.95;89.28;591648
FR0000120693;24/09/14;89.19;89.62;88.85;89.51;384723
FR0000120693;25/09/14;89.37;90.24;88.01;88.17;444362
FR0000120693;26/09/14;88.22;89.42;87.55;89.18;419712
FR0000120693;29/09/14;89.29;89.37;87.80;88.23;403705
FR0000120693;30/09/14;88.45;89.96;88.44;89.64;540450
FR0000120693;01/10/14;89.74;90.47;89.17;89.41;645803
FR0000120693;02/10/14;89.02;89.06;87.42;87.45;665786
FR0000120693;03/10/14;87.82;88.03;86.67;86.86;554830
FR0000120693;06/10/14;87.04;88.11;87.04;87.49;412324
FR0000120693;07/10/14;86.68;86.84;85.90;86.12;616741
FR0000120693;08/10/14;85.83;86.92;85.30;86.60;558172
FR0000120693;09/10/14;87.28;87.61;86.43;86.60;470079
FR0000120693;10/10/14;86.31;86.88;85.05;85.05;671203
FR0000120693;13/10/14;84.54;85.04;84.25;84.59;626771
FR0000120693;14/10/14;84.25;84.45;83.88;84.22;591553
FR0000120693;15/10/14;83.90;84.43;82.77;83.52;898241
FR0000120693;16/10/14;84.00;86.10;82.23;83.20;1439906
FR0000120693;17/10/14;83.20;84.53;82.60;84.46;1056063
FR0000120693;20/10/14;84.49;85.92;84.46;84.86;774443
FR0000120693;21/10/14;84.95;86.66;84.64;86.66;788086
FR0000120693;22/10/14;86.73;86.73;85.47;86.47;593756
FR0000120693;23/10/14;85.90;89.19;84.99;88.41;1100240
FR0000120693;24/10/14;87.94;88.21;87.40;87.84;452592
FR0000120693;27/10/14;88.63;88.98;87.52;88.01;473783
FR0000120693;28/10/14;88.83;89.51;88.36;89.02;598559
FR0000120693;29/10/14;89.35;89.97;89.13;89.72;415283
FR0000120693;30/10/14;90.00;90.07;88.69;89.81;722592
FR0000120693;31/10/14;90.46;91.10;89.81;90.83;731354
FR0000120693;03/11/14;90.83;91.14;90.25;90.34;288837
FR0000120693;04/11/14;90.35;90.69;89.57;89.69;371853
FR0000120693;05/11/14;90.21;90.83;90.02;90.62;383725
FR0000120693;06/11/14;90.44;91.83;90.33;91.11;471167
FR0000120693;07/11/14;91.35;91.57;89.93;90.73;313689
FR0000120693;10/11/14;90.86;91.45;90.68;91.20;383673
FR0000120693;11/11/14;91.31;92.63;91.11;92.06;424269
FR0000120693;12/11/14;92.16;92.16;91.44;91.58;428915
FR0000120693;13/11/14;91.00;91.74;90.58;91.30;416966
FR0000120693;14/11/14;91.72;91.72;90.65;90.78;311067
FR0000120693;17/11/14;90.21;90.82;89.89;90.70;521329
FR0000120693;18/11/14;90.51;91.95;90.45;91.86;457563
FR0000120693;19/11/14;91.73;92.00;91.37;91.43;308930
FR0000120693;20/11/14;91.22;91.47;90.41;91.27;483879
FR0000120693;21/11/14;91.33;93.01;91.08;92.83;674085
FR0000120693;24/11/14;92.80;93.53;92.50;93.40;429719
FR0000120693;25/11/14;93.21;93.65;92.95;93.39;410309
FR0000120693;26/11/14;93.28;94.48;93.20;93.20;364786
FR0000120693;27/11/14;93.68;94.60;93.46;94.53;416395
FR0000120693;28/11/14;94.70;95.48;94.26;95.31;540979
FR0000120693;01/12/14;94.68;95.91;94.68;95.23;433400
FR0000120693;02/12/14;95.50;96.23;95.19;95.89;499248
FR0000120693;03/12/14;95.00;95.59;94.82;95.07;522962
FR0000120693;04/12/14;95.11;95.86;94.31;94.53;462238
FR0000120693;05/12/14;95.00;95.71;94.61;95.49;409404
FR0000120693;08/12/14;95.18;95.18;94.35;94.37;295086
FR0000120693;09/12/14;93.97;94.26;92.51;92.66;523108
FR0000120693;10/12/14;92.93;93.70;92.87;93.20;497246
FR0000120693;11/12/14;92.90;93.61;92.88;93.10;532953
FR0000120693;12/12/14;92.52;92.75;90.84;90.84;548435
FR0000120693;15/12/14;90.70;91.59;89.48;89.61;469400
FR0000120693;16/12/14;89.93;90.15;87.90;90.06;879834
FR0000120693;17/12/14;88.90;89.69;88.20;89.01;654341
FR0000120693;18/12/14;89.88;91.28;89.50;91.26;725255
FR0000120693;19/12/14;91.68;92.14;90.81;91.74;871920
FR0000120693;22/12/14;91.54;92.64;91.44;92.27;294527
FR0000120693;23/12/14;92.49;93.23;92.25;93.03;370552
FR0000120693;24/12/14;92.75;93.65;92.37;92.63;106643
FR0000120693;29/12/14;92.40;93.39;92.40;93.39;283115
FR0000120693;30/12/14;93.08;93.66;91.14;91.14;297822
FR0000120693;31/12/14;91.76;92.57;91.14;92.26;130021
FR0000120693;02/01/15;90.80;92.02;90.57;91.09;334656
FR0000120693;05/01/15;90.55;91.47;89.05;89.11;509713
FR0000120693;06/01/15;89.25;89.35;87.95;88.52;546659
FR0000120693;07/01/15;89.23;91.09;88.64;90.32;681509
FR0000120693;08/01/15;93.06;95.20;91.92;95.07;1109947
FR0000120693;09/01/15;95.72;96.23;93.69;94.16;864989
FR0000120693;12/01/15;94.56;97.09;94.55;96.75;649643
FR0000120693;13/01/15;96.52;98.30;96.31;98.03;783100
FR0000120693;14/01/15;97.10;98.70;96.74;97.28;733089
FR0000120693;15/01/15;98.00;99.93;95.48;99.80;1038903
FR0000120693;16/01/15;99.40;102.35;99.40;102.05;1075138
FR0000120693;19/01/15;101.95;102.95;101.75;102.75;636576
FR0000120693;20/01/15;102.85;104.05;102.70;103.40;642920
FR0000120693;21/01/15;103.10;103.40;101.70;103.10;667416
FR0000120693;22/01/15;103.20;103.55;101.00;102.25;1045503
FR0000120693;23/01/15;102.25;107.40;102.00;106.70;1034896
FR0000120693;26/01/15;106.70;108.75;106.40;107.65;638694
FR0000120693;27/01/15;107.75;108.60;105.65;105.90;628555
FR0000120693;28/01/15;106.80;107.30;106.05;106.95;518139
FR0000120693;29/01/15;106.00;108.40;105.85;108.15;579736
FR0000120693;30/01/15;108.65;108.65;106.00;106.60;780261
FR0000120693;02/02/15;107.35;108.05;105.90;107.70;624731
FR0000120693;03/02/15;107.65;108.10;105.15;105.55;703714
FR0000120693;04/02/15;105.85;108.20;105.35;108.05;642350
FR0000120693;05/02/15;107.35;108.35;107.20;107.80;383424
FR0000120693;06/02/15;106.90;107.45;105.45;105.75;646115
FR0000120693;09/02/15;105.10;105.95;104.40;105.80;450370
FR0000120693;10/02/15;105.90;107.95;105.75;107.15;486533
FR0000120693;11/02/15;106.65;107.90;106.40;107.60;405477
FR0000120693;12/02/15;105.55;106.35;102.65;103.20;1002741
FR0000120693;13/02/15;101.55;104.65;101.55;103.70;763115
FR0000120693;16/02/15;102.65;104.20;102.60;103.30;442249
FR0000120693;17/02/15;102.35;103.70;102.10;103.60;503181
FR0000120693;18/02/15;103.75;103.95;102.10;102.35;506523
FR0000120693;19/02/15;101.90;104.75;101.90;103.90;466770
FR0000120693;20/02/15;103.90;104.10;102.85;103.20;640923
FR0000120693;23/02/15;103.95;104.75;103.30;104.65;319975
FR0000120693;24/02/15;105.00;105.00;103.75;104.40;441378
FR0000120693;25/02/15;104.30;104.45;103.25;103.85;369038
FR0000120693;26/02/15;103.70;106.00;103.30;105.95;409709
FR0000120693;27/02/15;105.50;106.20;104.75;105.95;415103
FR0000120693;02/03/15;105.75;106.00;104.80;105.25;335683
FR0000120693;03/03/15;105.55;106.30;104.90;105.20;428047
FR0000120693;04/03/15;105.25;106.30;104.65;106.30;495543
FR0000120693;05/03/15;106.20;106.80;105.60;106.40;459371
FR0000120693;06/03/15;106.55;106.90;106.05;106.65;541127
