258
FR0000131906;03/03/14;70.42;70.42;67.74;68.30;2481678
FR0000131906;04/03/14;69.66;70.53;69.19;69.98;1354661
FR0000131906;05/03/14;69.97;72.24;69.53;71.99;1531277
FR0000131906;06/03/14;72.36;72.94;71.61;71.70;1272901
FR0000131906;07/03/14;71.70;71.92;69.56;69.71;1599602
FR0000131906;10/03/14;69.59;70.00;67.93;68.75;1174054
FR0000131906;11/03/14;69.13;69.92;68.60;69.70;719509
FR0000131906;12/03/14;69.28;69.66;66.97;68.18;1447691
FR0000131906;13/03/14;68.71;68.75;66.00;66.15;1116827
FR0000131906;14/03/14;65.12;65.63;64.36;65.21;1343019
FR0000131906;17/03/14;65.30;67.19;65.13;67.16;1208161
FR0000131906;18/03/14;67.79;70.14;67.50;69.57;1693744
FR0000131906;19/03/14;69.70;70.22;68.70;69.05;891866
FR0000131906;20/03/14;68.35;69.01;67.82;68.74;890803
FR0000131906;21/03/14;68.74;68.85;67.51;67.65;1687589
FR0000131906;24/03/14;67.65;67.75;64.92;65.39;1091735
FR0000131906;25/03/14;65.86;67.76;65.60;67.76;1196219
FR0000131906;26/03/14;68.34;69.64;68.24;68.91;1087162
FR0000131906;27/03/14;68.90;69.41;67.57;69.34;754003
FR0000131906;28/03/14;69.29;71.02;69.24;70.78;1070036
FR0000131906;31/03/14;71.31;71.78;70.41;70.54;678327
FR0000131906;01/04/14;71.25;72.35;70.69;71.40;926038
FR0000131906;02/04/14;71.75;72.85;71.58;71.75;711607
FR0000131906;03/04/14;71.40;72.44;70.35;70.84;957345
FR0000131906;04/04/14;72.65;72.96;71.60;72.93;1027744
FR0000131906;07/04/14;72.19;72.70;71.52;71.93;902744
FR0000131906;08/04/14;72.50;73.38;70.71;71.50;1402812
FR0000131906;09/04/14;71.91;74.61;71.77;74.29;1373858
FR0000131906;10/04/14;74.99;75.72;72.93;72.93;1364784
FR0000131906;11/04/14;72.42;73.24;71.38;72.95;1013683
FR0000131906;14/04/14;72.15;72.59;68.83;70.52;1616794
FR0000131906;15/04/14;70.65;71.16;69.22;69.25;906772
FR0000131906;16/04/14;70.25;72.07;70.19;71.99;916812
FR0000131906;17/04/14;72.66;73.61;72.38;73.37;1256244
FR0000131906;22/04/14;73.87;76.10;73.67;75.43;1056450
FR0000131906;23/04/14;75.65;75.81;73.45;74.26;1081132
FR0000131906;24/04/14;74.36;74.53;71.24;73.00;1045781
FR0000131906;25/04/14;72.33;73.00;70.69;71.31;1158787
FR0000131906;28/04/14;71.79;72.23;69.88;70.56;820903
FR0000131906;29/04/14;71.11;71.49;70.09;71.13;808425
FR0000131906;30/04/14;70.57;71.05;69.70;70.15;935816
FR0000131906;02/05/14;70.11;71.04;69.67;70.00;750372
FR0000131906;05/05/14;69.81;69.82;67.51;68.61;996200
FR0000131906;06/05/14;68.88;69.44;67.72;68.05;828972
FR0000131906;07/05/14;67.54;69.30;66.53;68.11;1263110
FR0000131906;08/05/14;68.21;69.86;68.11;69.51;960825
FR0000131906;09/05/14;69.40;69.78;67.70;68.38;1056690
FR0000131906;12/05/14;66.75;67.45;66.07;66.82;1383692
FR0000131906;13/05/14;68.00;69.26;67.84;68.31;1477628
FR0000131906;14/05/14;68.48;69.40;67.45;68.12;953145
FR0000131906;15/05/14;68.08;69.07;65.88;66.14;1262529
FR0000131906;16/05/14;65.93;66.58;63.35;64.56;2054764
FR0000131906;19/05/14;64.25;65.22;63.14;64.92;1527161
FR0000131906;20/05/14;65.23;66.89;65.05;66.61;1312499
FR0000131906;21/05/14;66.54;68.28;66.03;68.00;1138717
FR0000131906;22/05/14;68.28;69.07;67.89;68.15;957951
FR0000131906;23/05/14;68.47;69.36;67.99;68.97;682886
FR0000131906;26/05/14;69.28;69.98;69.16;69.94;485254
FR0000131906;27/05/14;69.99;70.20;69.22;69.58;718892
FR0000131906;28/05/14;69.83;69.83;68.90;69.41;496830
FR0000131906;29/05/14;68.93;69.03;68.14;68.54;712330
FR0000131906;30/05/14;69.30;69.47;68.38;69.06;858507
FR0000131906;02/06/14;69.98;70.50;68.68;68.88;629141
FR0000131906;03/06/14;69.00;69.11;67.90;68.69;627574
FR0000131906;04/06/14;68.77;69.00;67.85;68.85;769819
FR0000131906;05/06/14;69.08;70.86;68.30;70.50;1489846
FR0000131906;06/06/14;70.88;72.40;70.50;71.84;1273007
FR0000131906;09/06/14;71.89;72.39;70.44;70.84;655995
FR0000131906;10/06/14;70.46;70.82;69.81;70.22;655604
FR0000131906;11/06/14;70.06;70.29;69.20;69.50;656383
FR0000131906;12/06/14;69.50;70.27;69.46;69.62;625485
FR0000131906;13/06/14;69.41;69.41;67.58;68.50;1023978
FR0000131906;16/06/14;68.00;68.51;67.48;67.88;648177
FR0000131906;17/06/14;68.63;69.20;67.97;68.51;700017
FR0000131906;18/06/14;68.68;69.74;68.17;69.30;1182320
FR0000131906;19/06/14;70.17;70.60;68.70;68.70;897174
FR0000131906;20/06/14;68.68;69.53;68.09;68.25;1386052
FR0000131906;23/06/14;67.83;68.42;67.07;67.79;690612
FR0000131906;24/06/14;67.57;67.96;66.83;67.45;778051
FR0000131906;25/06/14;67.30;67.51;66.09;66.62;987485
FR0000131906;26/06/14;67.00;67.45;66.08;66.88;778914
FR0000131906;27/06/14;67.29;67.60;66.90;67.42;690955
FR0000131906;30/06/14;67.52;67.74;65.81;66.03;1107785
FR0000131906;01/07/14;66.38;69.34;66.25;69.05;1380579
FR0000131906;02/07/14;69.25;70.45;69.10;69.56;789727
FR0000131906;03/07/14;69.98;70.97;69.66;70.62;1017325
FR0000131906;04/07/14;70.51;71.28;69.28;70.57;527865
FR0000131906;07/07/14;70.60;72.95;70.55;70.64;1379775
FR0000131906;08/07/14;70.70;70.86;68.26;68.50;1182317
FR0000131906;09/07/14;68.61;69.14;68.01;68.54;684649
FR0000131906;10/07/14;69.30;69.51;66.96;68.23;1033818
FR0000131906;11/07/14;68.30;69.74;68.25;69.02;789121
FR0000131906;14/07/14;69.42;69.94;68.87;69.83;611659
FR0000131906;15/07/14;69.88;71.50;69.72;70.62;1002752
FR0000131906;16/07/14;70.75;72.40;70.75;72.01;890031
FR0000131906;17/07/14;72.34;72.50;70.76;70.96;951126
FR0000131906;18/07/14;69.79;70.65;69.46;70.11;1127198
FR0000131906;21/07/14;70.16;70.24;68.56;69.09;806639
FR0000131906;22/07/14;69.75;69.83;68.90;69.36;631357
FR0000131906;23/07/14;69.23;70.75;69.07;69.95;721116
FR0000131906;24/07/14;69.85;70.76;69.02;70.40;601075
FR0000131906;25/07/14;70.06;70.71;69.16;69.43;823216
FR0000131906;28/07/14;69.78;71.25;68.82;69.50;1142630
FR0000131906;29/07/14;67.98;68.80;66.28;66.28;2506045
FR0000131906;30/07/14;66.46;67.08;63.91;63.91;1750378
FR0000131906;31/07/14;64.24;64.32;61.86;62.37;1798404
FR0000131906;01/08/14;62.00;62.18;59.42;60.19;2809149
FR0000131906;04/08/14;60.59;62.83;60.11;61.80;1531121
FR0000131906;05/08/14;62.00;62.46;60.42;61.12;1108622
FR0000131906;06/08/14;60.59;61.40;58.66;59.28;1490860
FR0000131906;07/08/14;59.34;60.13;57.39;57.99;1897855
FR0000131906;08/08/14;56.75;58.90;56.10;58.15;1749563
FR0000131906;11/08/14;59.23;59.98;58.60;58.77;1145607
FR0000131906;12/08/14;58.74;59.03;57.56;57.85;1089336
FR0000131906;13/08/14;58.45;58.49;57.14;57.87;1248147
FR0000131906;14/08/14;57.55;59.68;57.26;58.53;1289241
FR0000131906;15/08/14;58.78;59.37;57.32;57.54;1443347
FR0000131906;18/08/14;58.67;59.47;58.26;58.99;1009033
FR0000131906;19/08/14;59.39;59.89;59.24;59.70;758309
FR0000131906;20/08/14;59.69;59.89;58.89;59.42;680422
FR0000131906;21/08/14;59.64;60.80;59.35;60.55;952537
FR0000131906;22/08/14;60.45;61.31;59.80;60.93;1228884
FR0000131906;25/08/14;61.76;61.84;60.69;61.23;616817
FR0000131906;26/08/14;61.31;62.33;60.93;62.08;783496
FR0000131906;27/08/14;62.19;62.49;61.68;62.18;663801
FR0000131906;28/08/14;61.88;62.23;60.83;61.38;1028040
FR0000131906;29/08/14;61.49;61.71;59.11;59.58;1862475
FR0000131906;01/09/14;59.71;59.80;57.44;57.76;1845531
FR0000131906;02/09/14;58.08;58.99;57.85;58.80;1544584
FR0000131906;03/09/14;59.24;61.54;59.00;60.03;2171802
FR0000131906;04/09/14;59.80;61.77;59.59;61.06;1713650
FR0000131906;05/09/14;61.19;62.97;61.15;62.67;1943595
FR0000131906;08/09/14;62.83;63.38;62.05;62.22;828362
FR0000131906;09/09/14;62.00;63.04;60.12;60.48;1702276
FR0000131906;10/09/14;60.15;60.54;59.43;60.04;1200337
FR0000131906;11/09/14;60.38;60.46;59.04;60.14;1082507
FR0000131906;12/09/14;60.15;60.42;59.49;59.60;707566
FR0000131906;15/09/14;59.53;59.54;58.52;59.00;995426
FR0000131906;16/09/14;59.01;59.10;58.02;58.50;1246316
FR0000131906;17/09/14;59.45;59.70;58.56;58.65;1260611
FR0000131906;18/09/14;59.34;60.38;59.32;59.61;1071669
FR0000131906;19/09/14;60.43;60.77;59.44;59.44;1197966
FR0000131906;22/09/14;59.43;60.02;58.93;59.13;957413
FR0000131906;23/09/14;58.84;58.99;57.33;58.06;1797553
FR0000131906;24/09/14;58.37;58.76;57.47;58.62;1254473
FR0000131906;25/09/14;58.87;60.69;58.47;58.81;1794475
FR0000131906;26/09/14;58.76;59.47;58.01;58.94;949919
FR0000131906;29/09/14;58.70;59.73;58.25;58.91;1052614
FR0000131906;30/09/14;58.00;58.00;56.65;57.35;2599627
FR0000131906;01/10/14;56.94;57.71;55.31;55.98;1815398
FR0000131906;02/10/14;55.65;56.85;54.29;54.32;2387416
FR0000131906;03/10/14;54.85;55.83;54.61;55.11;1158272
FR0000131906;06/10/14;55.66;56.33;54.71;54.96;1170699
FR0000131906;07/10/14;54.76;55.81;54.32;55.17;1655600
FR0000131906;08/10/14;54.87;55.92;54.23;54.64;1472215
FR0000131906;09/10/14;55.15;55.67;54.31;54.65;1948185
FR0000131906;10/10/14;53.93;54.17;52.25;53.19;1962427
FR0000131906;13/10/14;52.64;54.30;52.50;53.18;1183947
FR0000131906;14/10/14;52.74;54.59;52.69;54.11;1836307
FR0000131906;15/10/14;54.10;54.48;51.21;51.95;2178436
FR0000131906;16/10/14;52.30;52.93;49.50;52.38;2872364
FR0000131906;17/10/14;52.98;54.95;52.75;54.47;2103979
FR0000131906;20/10/14;54.46;55.93;53.87;54.16;1519733
FR0000131906;21/10/14;53.89;55.99;53.70;55.29;1513022
FR0000131906;22/10/14;55.79;56.48;55.56;55.88;1315395
FR0000131906;23/10/14;55.42;55.95;54.08;55.58;1514066
FR0000131906;24/10/14;55.31;56.03;54.76;55.15;807913
FR0000131906;27/10/14;55.83;55.83;53.39;54.20;1597943
FR0000131906;28/10/14;54.69;55.43;54.50;55.20;1413379
FR0000131906;29/10/14;55.52;56.49;55.20;55.59;1230136
FR0000131906;30/10/14;58.50;59.10;56.59;57.21;2581754
FR0000131906;31/10/14;58.99;59.54;58.51;59.23;2008725
FR0000131906;03/11/14;59.22;59.31;58.36;58.85;1103247
FR0000131906;04/11/14;58.91;60.45;58.72;59.28;1857876
FR0000131906;05/11/14;59.69;60.18;58.97;59.41;996497
FR0000131906;06/11/14;59.18;61.11;59.10;60.40;1518656
FR0000131906;07/11/14;60.70;60.99;58.26;58.98;1554043
FR0000131906;10/11/14;58.89;60.13;58.32;59.93;757530
FR0000131906;11/11/14;60.20;60.25;58.40;59.06;897677
FR0000131906;12/11/14;58.87;59.45;58.05;58.62;916414
FR0000131906;13/11/14;59.04;59.94;58.37;58.51;956845
FR0000131906;14/11/14;59.02;59.61;58.15;59.30;846803
FR0000131906;17/11/14;58.70;59.44;57.91;59.13;791502
FR0000131906;18/11/14;59.48;60.77;59.20;60.51;1384103
FR0000131906;19/11/14;60.69;61.33;60.05;60.52;732986
FR0000131906;20/11/14;60.60;60.90;59.82;60.78;694109
FR0000131906;21/11/14;61.00;62.55;60.94;62.41;1579079
FR0000131906;24/11/14;62.58;64.05;61.92;63.64;1271775
FR0000131906;25/11/14;63.87;64.23;63.47;64.02;926430
FR0000131906;26/11/14;64.18;64.47;63.35;63.93;703766
FR0000131906;27/11/14;64.20;64.40;63.60;64.12;576959
FR0000131906;28/11/14;64.03;64.60;63.93;64.52;676603
FR0000131906;01/12/14;63.93;64.11;62.91;64.10;994587
FR0000131906;02/12/14;64.14;64.35;62.23;62.54;1426027
FR0000131906;03/12/14;62.36;62.79;61.39;62.13;1362949
FR0000131906;04/12/14;62.28;63.55;61.50;61.91;1225734
FR0000131906;05/12/14;62.95;64.50;62.60;64.40;1257091
FR0000131906;08/12/14;64.19;65.28;63.98;64.06;726111
FR0000131906;09/12/14;63.61;63.72;62.00;62.41;1255418
FR0000131906;10/12/14;62.65;63.37;61.21;61.68;1037335
FR0000131906;11/12/14;61.43;62.51;61.38;61.87;1029002
FR0000131906;12/12/14;61.50;61.64;59.62;59.98;1373377
FR0000131906;15/12/14;59.82;60.79;57.64;58.04;1770237
FR0000131906;16/12/14;57.86;58.84;55.68;57.62;3427768
FR0000131906;17/12/14;56.74;58.88;56.51;58.37;1715193
FR0000131906;18/12/14;59.50;60.42;59.15;60.02;1495225
FR0000131906;19/12/14;60.59;61.06;59.58;60.66;1745612
FR0000131906;22/12/14;60.72;61.37;60.05;60.29;570276
FR0000131906;23/12/14;60.29;61.32;60.05;61.11;471123
FR0000131906;24/12/14;60.86;61.19;60.80;60.98;71834
FR0000131906;29/12/14;60.72;61.05;59.38;60.76;661638
FR0000131906;30/12/14;60.50;60.89;60.07;60.21;466891
FR0000131906;31/12/14;60.41;60.76;59.90;60.53;117361
FR0000131906;02/01/15;60.73;60.98;59.42;59.90;556271
FR0000131906;05/01/15;59.62;60.57;57.58;57.81;1141204
FR0000131906;06/01/15;58.02;58.66;56.85;57.51;937753
FR0000131906;07/01/15;57.86;58.68;57.19;57.38;872019
FR0000131906;08/01/15;58.13;59.87;58.04;59.60;1247456
FR0000131906;09/01/15;59.48;60.35;58.18;58.84;1010288
FR0000131906;12/01/15;58.95;59.70;58.22;59.38;923992
FR0000131906;13/01/15;59.25;62.15;59.13;61.54;1878290
FR0000131906;14/01/15;60.50;61.46;59.59;59.77;1424457
FR0000131906;15/01/15;60.21;62.40;58.25;61.67;1633251
FR0000131906;16/01/15;61.47;63.00;61.40;62.94;1283249
FR0000131906;19/01/15;63.00;64.39;62.80;63.90;988594
FR0000131906;20/01/15;64.20;64.78;63.33;63.76;995325
FR0000131906;21/01/15;63.70;65.16;62.85;65.06;1689165
FR0000131906;22/01/15;65.43;68.29;65.18;67.52;2477918
FR0000131906;23/01/15;68.40;70.53;68.31;68.98;2025008
FR0000131906;26/01/15;68.54;69.98;68.33;68.93;987586
FR0000131906;27/01/15;68.98;69.18;67.01;68.15;1594188
FR0000131906;28/01/15;68.89;69.90;68.63;69.45;1323124
FR0000131906;29/01/15;69.19;70.21;68.82;69.78;1330948
FR0000131906;30/01/15;70.01;70.07;67.96;68.21;1226472
FR0000131906;02/02/15;68.37;69.25;67.92;68.50;876479
FR0000131906;03/02/15;69.20;70.89;69.06;70.16;1455735
FR0000131906;04/02/15;70.32;70.69;69.24;70.34;1016239
FR0000131906;05/02/15;69.67;71.41;69.42;71.12;924589
FR0000131906;06/02/15;71.11;71.64;70.55;71.15;618196
FR0000131906;09/02/15;70.40;70.50;67.97;68.23;1685185
FR0000131906;10/02/15;68.40;69.90;68.11;69.03;1326877
FR0000131906;11/02/15;68.51;69.59;68.11;69.21;790649
FR0000131906;12/02/15;73.00;77.73;73.00;77.20;3612005
FR0000131906;13/02/15;77.23;79.80;76.76;79.35;2461864
FR0000131906;16/02/15;79.43;81.24;79.35;80.00;1994684
FR0000131906;17/02/15;79.70;81.78;79.32;81.02;1568071
FR0000131906;18/02/15;81.90;83.20;80.90;83.11;1504723
FR0000131906;19/02/15;82.75;84.68;82.14;84.36;1407532
FR0000131906;20/02/15;84.23;85.27;83.75;85.15;1620569
FR0000131906;23/02/15;85.77;86.30;84.14;85.03;1111215
FR0000131906;24/02/15;85.00;85.66;84.24;84.94;866263
FR0000131906;25/02/15;84.90;85.11;82.34;82.70;1445065
FR0000131906;26/02/15;82.37;84.29;82.33;84.29;958232
FR0000131906;27/02/15;84.20;85.93;84.13;85.85;1170508
FR0000131906;02/03/15;86.06;87.41;84.11;85.34;1571678
FR0000131906;03/03/15;85.39;86.28;82.99;83.09;1080198
FR0000131906;04/03/15;83.25;84.94;82.70;84.94;1080193
FR0000131906;05/03/15;85.00;86.27;84.44;84.71;1215034
FR0000131906;06/03/15;84.63;86.17;84.27;85.89;1040952
