258
FR0000120578;03/03/14;74.08;74.74;73.11;73.39;3427378
FR0000120578;04/03/14;74.59;75.99;74.45;75.80;3562014
FR0000120578;05/03/14;75.70;75.80;75.25;75.26;2852251
FR0000120578;06/03/14;75.36;75.86;75.12;75.61;2264558
FR0000120578;07/03/14;75.61;76.00;74.76;74.90;2610394
FR0000120578;10/03/14;74.79;75.97;74.75;75.09;3356315
FR0000120578;11/03/14;75.13;75.13;73.76;74.04;2349202
FR0000120578;12/03/14;73.49;73.72;72.58;72.80;2970492
FR0000120578;13/03/14;72.83;73.00;71.73;71.74;2318583
FR0000120578;14/03/14;71.15;71.90;71.05;71.30;3955698
FR0000120578;17/03/14;71.27;72.47;71.04;72.34;2068032
FR0000120578;18/03/14;71.86;72.97;71.59;72.64;2833498
FR0000120578;19/03/14;72.76;73.43;72.51;73.20;2114686
FR0000120578;20/03/14;72.60;73.31;72.14;73.24;3052701
FR0000120578;21/03/14;73.54;74.98;73.30;74.51;4931668
FR0000120578;24/03/14;74.21;74.67;73.33;73.57;2634480
FR0000120578;25/03/14;73.93;75.41;73.79;75.23;2905583
FR0000120578;26/03/14;75.37;75.95;75.15;75.62;2467841
FR0000120578;27/03/14;75.24;75.53;74.68;75.11;2466734
FR0000120578;28/03/14;75.50;75.85;75.33;75.80;2086379
FR0000120578;31/03/14;76.37;76.72;75.75;75.68;2321792
FR0000120578;01/04/14;76.17;76.42;74.87;75.07;2418282
FR0000120578;02/04/14;75.14;75.30;74.74;74.99;2108598
FR0000120578;03/04/14;75.32;76.01;74.85;75.79;2394697
FR0000120578;04/04/14;76.00;76.10;75.34;75.85;1933555
FR0000120578;07/04/14;75.94;75.94;75.00;75.03;2932654
FR0000120578;08/04/14;75.44;76.37;75.20;76.12;3388608
FR0000120578;09/04/14;76.40;76.53;76.00;76.45;2784742
FR0000120578;10/04/14;76.25;76.69;75.50;75.53;2636022
FR0000120578;11/04/14;74.75;75.36;73.86;74.39;3560517
FR0000120578;14/04/14;74.20;75.07;73.92;75.03;2920939
FR0000120578;15/04/14;74.80;75.18;74.00;74.02;2624660
FR0000120578;16/04/14;74.76;75.37;74.39;74.77;2323326
FR0000120578;17/04/14;75.02;75.55;74.21;75.48;2133776
FR0000120578;22/04/14;76.50;77.29;76.50;77.13;2679970
FR0000120578;23/04/14;77.17;77.69;77.05;77.05;2345213
FR0000120578;24/04/14;77.40;77.42;76.28;76.60;2722255
FR0000120578;25/04/14;76.44;76.80;75.95;76.16;1997487
FR0000120578;28/04/14;76.75;78.00;76.75;77.15;3180923
FR0000120578;29/04/14;75.75;77.66;75.25;77.18;4011072
FR0000120578;30/04/14;78.00;78.71;77.74;78.02;3228771
FR0000120578;02/05/14;78.49;78.54;77.40;77.63;2062659
FR0000120578;05/05/14;77.83;78.76;76.79;78.45;2055181
FR0000120578;06/05/14;78.95;78.96;77.69;77.99;1993284
FR0000120578;07/05/14;78.13;78.73;77.83;78.56;2856814
FR0000120578;08/05/14;78.83;79.30;78.38;79.07;2980431
FR0000120578;09/05/14;78.62;78.98;78.15;78.38;2363209
FR0000120578;12/05/14;76.07;76.89;75.68;76.85;2959866
FR0000120578;13/05/14;76.85;76.95;76.34;76.76;2129015
FR0000120578;14/05/14;76.96;77.81;76.82;77.29;1987826
FR0000120578;15/05/14;77.10;77.39;76.06;76.75;3689562
FR0000120578;16/05/14;76.85;77.45;76.59;77.24;2870089
FR0000120578;19/05/14;77.10;77.32;76.53;77.29;2120318
FR0000120578;20/05/14;77.36;77.78;77.00;77.00;1860753
FR0000120578;21/05/14;76.60;77.49;76.52;77.48;2227952
FR0000120578;22/05/14;77.42;77.54;76.55;77.41;1952981
FR0000120578;23/05/14;77.30;77.74;77.08;77.61;1171858
FR0000120578;26/05/14;77.77;78.05;77.52;78.05;1235569
FR0000120578;27/05/14;77.80;78.31;77.50;78.15;1695588
FR0000120578;28/05/14;78.00;78.08;77.38;78.00;2672430
FR0000120578;29/05/14;77.79;78.22;77.79;77.90;1190108
FR0000120578;30/05/14;77.86;78.49;77.39;78.44;2362134
FR0000120578;02/06/14;78.38;78.60;77.72;78.19;1568779
FR0000120578;03/06/14;77.93;78.11;77.56;77.98;1416544
FR0000120578;04/06/14;77.89;78.60;77.89;78.38;1855425
FR0000120578;05/06/14;78.39;79.32;78.24;78.85;2878128
FR0000120578;06/06/14;78.75;79.20;78.43;79.14;2026972
FR0000120578;09/06/14;78.70;79.05;78.60;79.04;1254987
FR0000120578;10/06/14;79.37;79.75;79.04;79.72;1823597
FR0000120578;11/06/14;79.50;79.87;79.22;79.38;2411291
FR0000120578;12/06/14;79.27;79.78;79.03;79.37;1628363
FR0000120578;13/06/14;79.05;79.80;78.53;79.66;1993615
FR0000120578;16/06/14;79.24;79.60;78.96;79.00;2107998
FR0000120578;17/06/14;79.25;79.62;79.02;79.54;1642823
FR0000120578;18/06/14;79.42;79.88;79.11;79.12;2020822
FR0000120578;19/06/14;79.90;79.90;79.32;79.54;3643163
FR0000120578;20/06/14;79.54;80.42;79.41;80.12;7475121
FR0000120578;23/06/14;80.12;80.12;79.31;79.51;1829899
FR0000120578;24/06/14;79.78;79.88;79.40;79.40;2050591
FR0000120578;25/06/14;79.05;79.22;78.03;78.47;2719525
FR0000120578;26/06/14;78.27;78.61;77.45;77.69;2504703
FR0000120578;27/06/14;77.89;78.37;77.45;77.74;1669843
FR0000120578;30/06/14;78.06;78.82;77.52;77.58;2609308
FR0000120578;01/07/14;77.64;77.83;77.41;77.83;2222048
FR0000120578;02/07/14;78.00;78.05;77.31;77.54;2242224
FR0000120578;03/07/14;77.85;78.58;77.75;78.21;3209381
FR0000120578;04/07/14;78.14;78.23;77.78;77.78;1216381
FR0000120578;07/07/14;77.00;77.60;76.75;76.83;2567270
FR0000120578;08/07/14;77.24;77.42;76.21;76.21;2173650
FR0000120578;09/07/14;76.63;76.80;75.90;76.38;1684401
FR0000120578;10/07/14;76.23;76.45;75.41;75.70;2423166
FR0000120578;11/07/14;75.89;76.17;75.40;75.81;1565880
FR0000120578;14/07/14;76.15;76.67;75.95;76.47;1656480
FR0000120578;15/07/14;76.40;76.81;75.47;75.47;2046401
FR0000120578;16/07/14;75.93;76.58;75.72;76.46;2195426
FR0000120578;17/07/14;76.07;76.62;75.45;75.61;2293173
FR0000120578;18/07/14;75.50;76.22;75.44;76.07;1878776
FR0000120578;21/07/14;76.00;76.40;75.53;75.81;1775615
FR0000120578;22/07/14;75.96;77.19;75.53;76.99;2217871
FR0000120578;23/07/14;76.71;77.48;76.69;76.93;1459245
FR0000120578;24/07/14;76.86;77.44;76.29;77.32;1431522
FR0000120578;25/07/14;77.19;77.27;75.63;75.98;1916866
FR0000120578;28/07/14;76.44;76.88;75.72;76.33;2019147
FR0000120578;29/07/14;76.50;77.35;76.36;76.82;1690159
FR0000120578;30/07/14;77.00;77.74;76.51;76.89;2381740
FR0000120578;31/07/14;79.48;80.00;78.60;78.62;6701388
FR0000120578;01/08/14;78.74;79.65;78.62;78.91;4696659
FR0000120578;04/08/14;79.20;79.70;78.83;79.48;3456498
FR0000120578;05/08/14;79.53;79.97;79.30;79.50;2326941
FR0000120578;06/08/14;79.27;79.34;77.91;78.48;2719326
FR0000120578;07/08/14;78.48;78.48;77.23;77.23;3591347
FR0000120578;08/08/14;76.63;77.75;76.51;77.65;3076154
FR0000120578;11/08/14;78.46;78.49;77.54;77.98;2585389
FR0000120578;12/08/14;77.96;77.96;76.88;77.44;2535590
FR0000120578;13/08/14;77.95;78.69;77.78;78.20;2459856
FR0000120578;14/08/14;78.09;78.73;77.75;78.53;1808736
FR0000120578;15/08/14;78.88;79.62;77.87;78.00;3075392
FR0000120578;18/08/14;79.00;79.83;78.85;79.61;2122817
FR0000120578;19/08/14;79.63;79.83;79.22;79.75;1723207
FR0000120578;20/08/14;79.45;79.88;78.88;79.28;2055711
FR0000120578;21/08/14;79.39;80.76;79.25;80.59;2763577
FR0000120578;22/08/14;80.12;80.30;79.11;79.43;2510036
FR0000120578;25/08/14;80.12;81.32;80.09;81.29;2059362
FR0000120578;26/08/14;81.08;83.16;80.94;82.94;3106644
FR0000120578;27/08/14;82.58;83.50;82.53;83.39;2521256
FR0000120578;28/08/14;82.86;83.43;82.44;82.47;2985759
FR0000120578;29/08/14;82.59;83.57;82.29;83.50;3218129
FR0000120578;01/09/14;83.34;84.00;82.88;83.54;1820253
FR0000120578;02/09/14;83.51;84.19;83.25;83.76;2473872
FR0000120578;03/09/14;84.20;84.96;83.71;84.86;3451618
FR0000120578;04/09/14;84.87;86.48;84.48;85.75;4743303
FR0000120578;05/09/14;85.46;85.64;84.71;85.43;2251746
FR0000120578;08/09/14;85.37;86.08;85.16;85.77;2044586
FR0000120578;09/09/14;85.41;86.10;85.34;86.10;2548830
FR0000120578;10/09/14;85.76;86.40;85.50;86.40;2013373
FR0000120578;11/09/14;86.10;86.35;85.22;85.99;2630324
FR0000120578;12/09/14;86.02;86.89;85.92;86.89;1917944
FR0000120578;15/09/14;86.60;87.71;86.60;87.18;2630454
FR0000120578;16/09/14;86.85;87.08;86.04;86.50;2326694
FR0000120578;17/09/14;87.00;87.58;86.80;87.53;2872509
FR0000120578;18/09/14;87.70;88.80;87.58;88.46;3638388
FR0000120578;19/09/14;88.81;88.85;87.97;88.76;5495625
FR0000120578;22/09/14;88.25;89.48;88.25;88.87;2342787
FR0000120578;23/09/14;88.56;88.57;87.25;87.41;3154195
FR0000120578;24/09/14;87.64;88.92;87.41;88.92;2913317
FR0000120578;25/09/14;88.83;89.49;87.05;87.09;3366183
FR0000120578;26/09/14;87.50;88.84;87.13;88.41;2527571
FR0000120578;29/09/14;88.28;88.81;87.11;87.61;2244677
FR0000120578;30/09/14;88.08;89.95;88.06;89.56;4086621
FR0000120578;01/10/14;89.15;89.74;88.76;88.85;2541282
FR0000120578;02/10/14;89.07;89.11;86.07;86.07;4295908
FR0000120578;03/10/14;86.55;87.07;86.17;86.90;2930528
FR0000120578;06/10/14;87.78;87.98;86.64;86.81;2792309
FR0000120578;07/10/14;86.38;86.49;85.11;85.26;4517253
FR0000120578;08/10/14;85.34;85.84;83.94;84.15;3547590
FR0000120578;09/10/14;85.00;85.25;83.32;84.03;3383845
FR0000120578;10/10/14;83.50;84.08;82.89;83.07;3828368
FR0000120578;13/10/14;82.34;83.40;82.24;83.08;2868918
FR0000120578;14/10/14;82.68;83.49;82.19;83.00;2917060
FR0000120578;15/10/14;83.31;83.31;79.50;79.50;5740112
FR0000120578;16/10/14;80.50;81.30;77.40;78.80;8481764
FR0000120578;17/10/14;79.26;81.45;78.71;81.25;6145772
FR0000120578;20/10/14;81.04;81.20;79.14;80.43;3431778
FR0000120578;21/10/14;80.14;81.57;79.58;81.48;3558514
FR0000120578;22/10/14;81.88;83.64;81.47;83.43;3757096
FR0000120578;23/10/14;83.61;85.09;82.93;84.90;3240257
FR0000120578;24/10/14;84.60;84.89;84.02;84.60;2548257
FR0000120578;27/10/14;84.63;85.18;82.87;83.40;3671517
FR0000120578;28/10/14;77.20;78.18;73.92;74.53;15922546
FR0000120578;29/10/14;73.00;73.70;69.58;71.15;14180190
FR0000120578;30/10/14;72.00;73.19;71.07;71.91;7313030
FR0000120578;31/10/14;73.32;74.28;72.70;73.66;6618319
FR0000120578;03/11/14;73.80;73.81;72.51;72.79;3979437
FR0000120578;04/11/14;72.86;73.37;71.75;71.77;3852834
FR0000120578;05/11/14;72.42;73.37;71.60;73.31;3192708
FR0000120578;06/11/14;73.00;74.01;72.10;73.60;4018210
FR0000120578;07/11/14;73.85;74.10;72.34;72.97;3747499
FR0000120578;10/11/14;73.07;74.55;73.03;74.32;3105258
FR0000120578;11/11/14;74.41;75.33;74.38;75.16;2618256
FR0000120578;12/11/14;75.15;75.60;74.31;74.31;4313250
FR0000120578;13/11/14;74.84;75.15;74.26;74.69;3219946
FR0000120578;14/11/14;74.89;75.29;74.32;74.44;2837413
FR0000120578;17/11/14;74.32;76.30;74.15;75.81;3371422
FR0000120578;18/11/14;76.08;77.13;75.86;76.91;2684632
FR0000120578;19/11/14;76.98;77.50;76.48;76.83;2620695
FR0000120578;20/11/14;76.58;76.72;73.76;75.02;4865750
FR0000120578;21/11/14;74.71;76.33;73.86;75.91;6009055
FR0000120578;24/11/14;75.91;76.51;75.27;75.72;3300416
FR0000120578;25/11/14;75.99;76.55;75.88;76.20;3038910
FR0000120578;26/11/14;75.99;76.59;75.99;76.43;2012948
FR0000120578;27/11/14;76.50;77.49;76.40;77.23;2081491
FR0000120578;28/11/14;77.35;77.89;77.02;77.86;2608605
FR0000120578;01/12/14;77.47;78.74;77.21;78.38;2640423
FR0000120578;02/12/14;78.20;78.87;76.63;77.60;2902698
FR0000120578;03/12/14;77.77;78.21;77.59;77.87;2295627
FR0000120578;04/12/14;77.77;78.14;75.29;75.50;5549286
FR0000120578;05/12/14;75.85;76.14;75.15;76.14;4364144
FR0000120578;08/12/14;76.16;76.48;75.89;75.89;2061114
FR0000120578;09/12/14;75.51;75.91;73.83;73.97;3814028
FR0000120578;10/12/14;74.37;75.00;73.86;74.06;2552439
FR0000120578;11/12/14;74.75;75.74;74.34;75.18;3579179
FR0000120578;12/12/14;74.58;74.77;72.36;72.60;3296650
FR0000120578;15/12/14;72.50;73.33;70.97;71.10;4275670
FR0000120578;16/12/14;71.72;73.69;69.77;73.48;6671295
FR0000120578;17/12/14;72.78;74.53;71.96;74.10;3659699
FR0000120578;18/12/14;75.70;76.41;75.13;76.17;4610366
FR0000120578;19/12/14;76.30;76.52;74.06;75.38;5880685
FR0000120578;22/12/14;75.48;76.40;74.86;75.22;2296317
FR0000120578;23/12/14;75.63;76.20;74.94;75.64;2115635
FR0000120578;24/12/14;75.70;75.70;74.65;74.99;434910
FR0000120578;29/12/14;75.36;75.98;74.75;75.90;1752778
FR0000120578;30/12/14;75.69;76.11;75.00;75.00;1806511
FR0000120578;31/12/14;75.03;75.66;75.01;75.66;601484
FR0000120578;02/01/15;75.70;76.58;74.72;75.44;1998436
FR0000120578;05/01/15;74.64;75.32;72.94;73.27;4351311
FR0000120578;06/01/15;74.00;74.69;73.39;73.51;3323004
FR0000120578;07/01/15;75.10;75.10;73.59;74.29;4701949
FR0000120578;08/01/15;75.57;77.57;75.21;77.42;4627970
FR0000120578;09/01/15;77.30;77.34;74.33;74.88;3747943
FR0000120578;12/01/15;75.44;76.92;74.68;75.93;2971481
FR0000120578;13/01/15;75.52;77.64;75.34;76.83;2586686
FR0000120578;14/01/15;76.29;77.54;75.26;75.73;2966315
FR0000120578;15/01/15;76.42;78.00;73.20;77.84;5063449
FR0000120578;16/01/15;77.47;80.13;77.10;79.93;4860411
FR0000120578;19/01/15;80.01;80.61;79.51;79.72;3029462
FR0000120578;20/01/15;80.08;81.31;79.84;80.37;3587790
FR0000120578;21/01/15;80.66;80.98;78.84;80.61;3917672
FR0000120578;22/01/15;80.39;81.41;79.36;81.17;4442692
FR0000120578;23/01/15;82.22;83.95;81.58;83.58;5478521
FR0000120578;26/01/15;83.55;84.36;81.84;82.95;3757093
FR0000120578;27/01/15;82.84;82.94;81.05;81.88;3806046
FR0000120578;28/01/15;82.71;82.80;81.12;81.99;3152990
FR0000120578;29/01/15;81.72;82.49;81.46;82.26;2955417
FR0000120578;30/01/15;82.94;83.03;81.37;82.00;3876370
FR0000120578;02/02/15;82.20;83.00;81.20;82.07;2909799
FR0000120578;03/02/15;82.07;83.20;81.26;81.51;3630608
FR0000120578;04/02/15;81.20;81.70;80.42;81.59;3954169
FR0000120578;05/02/15;83.53;84.78;82.80;84.53;4521714
FR0000120578;06/02/15;84.39;85.44;83.83;85.00;4290414
FR0000120578;09/02/15;84.37;85.15;83.78;84.82;3947373
FR0000120578;10/02/15;84.99;86.01;84.04;85.27;2980497
FR0000120578;11/02/15;84.97;85.19;83.95;85.00;2063532
FR0000120578;12/02/15;84.74;85.19;84.08;84.92;3086448
FR0000120578;13/02/15;85.46;87.00;85.15;86.73;3303991
FR0000120578;16/02/15;86.47;86.47;85.61;85.72;1528465
FR0000120578;17/02/15;85.47;85.98;84.21;85.53;2487298
FR0000120578;18/02/15;85.98;86.86;85.62;86.71;2379288
FR0000120578;19/02/15;87.49;88.12;87.12;87.84;3400038
FR0000120578;20/02/15;87.97;88.26;86.48;87.39;4935142
FR0000120578;23/02/15;88.24;89.05;87.91;89.05;2696593
FR0000120578;24/02/15;89.06;89.17;87.68;88.75;2399789
FR0000120578;25/02/15;88.38;89.11;88.26;89.10;2506100
FR0000120578;26/02/15;89.10;89.15;87.12;87.54;4056750
FR0000120578;27/02/15;87.37;87.70;86.58;87.70;3887807
FR0000120578;02/03/15;87.35;87.50;85.93;86.40;3198647
FR0000120578;03/03/15;86.50;87.26;86.06;86.16;2551220
FR0000120578;04/03/15;86.50;87.45;85.71;87.45;3140628
FR0000120578;05/03/15;87.30;88.51;87.15;87.84;2787618
FR0000120578;06/03/15;87.68;88.03;87.32;87.65;2527571
