258
FR0000124141;03/03/14;13.595;13.625;13.375;13.405;3196663
FR0000124141;04/03/14;13.53;13.83;13.475;13.77;2888445
FR0000124141;05/03/14;13.75;13.97;13.71;13.955;2243493
FR0000124141;06/03/14;13.975;14.045;13.905;13.995;2018758
FR0000124141;07/03/14;14.01;14.275;13.93;14.255;3730920
FR0000124141;10/03/14;14.22;14.365;14.05;14.30;2315543
FR0000124141;11/03/14;14.37;14.44;14.095;14.28;2507624
FR0000124141;12/03/14;14.205;14.275;14.06;14.245;1844734
FR0000124141;13/03/14;14.255;14.32;14.06;14.07;2468231
FR0000124141;14/03/14;14.005;14.125;13.63;13.925;3604909
FR0000124141;17/03/14;13.90;14.23;13.90;14.17;1532944
FR0000124141;18/03/14;14.10;14.295;14.045;14.135;2103634
FR0000124141;19/03/14;14.185;14.215;14.065;14.16;1763686
FR0000124141;20/03/14;14.11;14.24;14.03;14.24;2006126
FR0000124141;21/03/14;14.235;14.35;14.185;14.23;2864153
FR0000124141;24/03/14;14.185;14.39;14.125;14.335;2863747
FR0000124141;25/03/14;14.35;14.64;14.34;14.525;2768940
FR0000124141;26/03/14;14.505;14.675;14.42;14.57;1503165
FR0000124141;27/03/14;14.505;14.52;14.28;14.315;1899760
FR0000124141;28/03/14;14.36;14.565;14.35;14.54;1970100
FR0000124141;31/03/14;14.59;14.63;14.25;14.36;2048234
FR0000124141;01/04/14;14.375;14.75;14.325;14.595;2076602
FR0000124141;02/04/14;14.555;14.84;14.555;14.65;2875218
FR0000124141;03/04/14;14.605;14.655;14.31;14.39;1807243
FR0000124141;04/04/14;14.425;14.70;14.345;14.395;2025647
FR0000124141;07/04/14;14.28;14.675;14.27;14.615;1559097
FR0000124141;08/04/14;14.61;14.63;14.24;14.47;1936471
FR0000124141;09/04/14;14.435;14.62;14.405;14.53;1174742
FR0000124141;10/04/14;14.59;14.60;14.39;14.445;1447846
FR0000124141;11/04/14;14.30;14.345;14.015;14.255;2637875
FR0000124141;14/04/14;14.135;14.17;13.885;13.99;2063806
FR0000124141;15/04/14;13.955;14.035;13.76;13.785;1815712
FR0000124141;16/04/14;14.01;14.395;13.95;14.375;3509672
FR0000124141;17/04/14;14.295;14.41;14.10;14.345;1746636
FR0000124141;22/04/14;14.35;14.495;14.325;14.485;1542459
FR0000124141;23/04/14;14.48;14.525;14.125;14.19;1808966
FR0000124141;24/04/14;14.195;14.29;14.065;14.29;2231959
FR0000124141;25/04/14;14.31;14.325;14.05;14.14;1578953
FR0000124141;28/04/14;14.215;14.34;14.09;14.16;1245755
FR0000124141;29/04/14;14.26;14.305;14.01;14.235;2060125
FR0000124141;30/04/14;13.52;13.555;13.355;13.44;2542841
FR0000124141;02/05/14;13.50;13.50;13.28;13.375;2087848
FR0000124141;05/05/14;13.375;13.46;13.195;13.405;1420668
FR0000124141;06/05/14;13.46;13.54;13.245;13.335;1699851
FR0000124141;07/05/14;13.24;13.30;12.77;12.985;6656573
FR0000124141;08/05/14;13.055;13.27;12.955;13.255;2777300
FR0000124141;09/05/14;13.23;13.255;12.985;13.085;1954348
FR0000124141;12/05/14;13.12;13.43;13.045;13.375;2924016
FR0000124141;13/05/14;13.37;13.65;13.365;13.50;3461300
FR0000124141;14/05/14;13.515;13.545;13.41;13.545;2283867
FR0000124141;15/05/14;13.59;13.64;13.205;13.30;2369019
FR0000124141;16/05/14;13.335;13.37;13.14;13.37;2299584
FR0000124141;19/05/14;13.415;13.43;13.18;13.35;2116836
FR0000124141;20/05/14;13.32;13.46;13.24;13.45;1698682
FR0000124141;21/05/14;13.46;13.59;13.43;13.545;1698293
FR0000124141;22/05/14;13.57;13.73;13.455;13.68;1837900
FR0000124141;23/05/14;13.71;13.85;13.67;13.825;1440236
FR0000124141;26/05/14;13.86;13.93;13.77;13.815;1111132
FR0000124141;27/05/14;13.82;13.87;13.73;13.79;1245641
FR0000124141;28/05/14;13.785;13.875;13.705;13.875;1393185
FR0000124141;29/05/14;13.835;14.035;13.69;14.00;1912078
FR0000124141;30/05/14;14.00;14.115;13.925;14.02;4550434
FR0000124141;02/06/14;14.08;14.115;13.95;14.105;1221250
FR0000124141;03/06/14;14.115;14.245;13.905;13.985;1929276
FR0000124141;04/06/14;14.04;14.10;13.935;14.045;1365517
FR0000124141;05/06/14;14.015;14.105;13.925;14.005;2297507
FR0000124141;06/06/14;14.08;14.175;13.96;14.13;1835678
FR0000124141;09/06/14;14.115;14.36;14.075;14.275;1309628
FR0000124141;10/06/14;14.25;14.435;14.23;14.375;1860241
FR0000124141;11/06/14;14.385;14.49;14.27;14.36;1466601
FR0000124141;12/06/14;14.44;14.65;14.365;14.55;2922562
FR0000124141;13/06/14;14.52;14.60;14.415;14.57;1874223
FR0000124141;16/06/14;14.46;14.495;14.33;14.41;2084119
FR0000124141;17/06/14;14.42;14.545;14.40;14.46;1510715
FR0000124141;18/06/14;14.50;14.585;14.39;14.525;1320823
FR0000124141;19/06/14;14.63;14.64;14.44;14.54;1603752
FR0000124141;20/06/14;14.535;14.77;14.42;14.655;2510470
FR0000124141;23/06/14;14.66;14.76;14.465;14.695;1727978
FR0000124141;24/06/14;14.69;14.845;14.60;14.68;1453186
FR0000124141;25/06/14;14.595;14.71;14.48;14.665;2752716
FR0000124141;26/06/14;14.70;14.77;14.35;14.515;2606896
FR0000124141;27/06/14;14.55;14.55;14.175;14.245;2214419
FR0000124141;30/06/14;14.195;14.245;13.88;13.915;3256755
FR0000124141;01/07/14;13.96;14.21;13.93;14.125;1817684
FR0000124141;02/07/14;13.905;13.915;13.635;13.715;3629756
FR0000124141;03/07/14;13.735;13.755;13.57;13.70;2502608
FR0000124141;04/07/14;13.66;13.695;13.585;13.675;1200818
FR0000124141;07/07/14;13.685;13.725;13.44;13.485;1834463
FR0000124141;08/07/14;13.505;13.51;13.01;13.085;3764117
FR0000124141;09/07/14;13.10;13.13;12.92;13.06;2040182
FR0000124141;10/07/14;13.10;13.145;12.77;12.865;2145813
FR0000124141;11/07/14;12.875;12.995;12.80;12.875;1987078
FR0000124141;14/07/14;12.935;13.02;12.865;12.98;1168109
FR0000124141;15/07/14;12.93;13.08;12.855;12.995;1276360
FR0000124141;16/07/14;13.01;13.22;12.96;13.14;1452495
FR0000124141;17/07/14;13.085;13.085;12.87;12.91;1892626
FR0000124141;18/07/14;12.875;13.255;12.855;13.25;2141721
FR0000124141;21/07/14;13.275;13.29;13.09;13.19;1220295
FR0000124141;22/07/14;13.23;13.44;13.18;13.40;1569585
FR0000124141;23/07/14;13.385;13.51;13.28;13.44;1229829
FR0000124141;24/07/14;13.47;13.61;13.34;13.565;1715461
FR0000124141;25/07/14;13.52;13.58;13.26;13.31;1822969
FR0000124141;28/07/14;13.345;13.365;13.165;13.355;1106571
FR0000124141;29/07/14;13.38;13.53;13.265;13.375;962375
FR0000124141;30/07/14;13.40;13.65;13.33;13.40;1993757
FR0000124141;31/07/14;13.405;13.435;13.10;13.23;2126984
FR0000124141;01/08/14;13.155;13.195;12.765;12.79;2661736
FR0000124141;04/08/14;12.82;12.955;12.715;12.735;1741606
FR0000124141;05/08/14;12.765;12.955;12.73;12.795;1819189
FR0000124141;06/08/14;12.72;12.79;12.565;12.64;1800920
FR0000124141;07/08/14;12.605;12.735;12.40;12.41;2277078
FR0000124141;08/08/14;12.255;12.405;12.165;12.36;1565094
FR0000124141;11/08/14;12.485;12.655;12.41;12.525;1149664
FR0000124141;12/08/14;12.525;12.615;12.43;12.545;1073770
FR0000124141;13/08/14;12.665;12.815;12.615;12.76;1685050
FR0000124141;14/08/14;12.71;12.89;12.655;12.77;1184121
FR0000124141;15/08/14;12.82;12.945;12.695;12.72;1179949
FR0000124141;18/08/14;12.885;12.925;12.775;12.81;798026
FR0000124141;19/08/14;12.86;12.95;12.735;12.75;950194
FR0000124141;20/08/14;12.75;12.80;12.625;12.735;1318451
FR0000124141;21/08/14;12.775;13.315;12.77;13.295;2954582
FR0000124141;22/08/14;13.31;13.41;13.135;13.31;1462250
FR0000124141;25/08/14;13.48;13.535;13.33;13.505;862587
FR0000124141;26/08/14;13.58;13.98;13.58;13.805;2852922
FR0000124141;27/08/14;13.84;14.005;13.755;13.865;2292736
FR0000124141;28/08/14;13.935;14.10;13.545;13.755;2662503
FR0000124141;29/08/14;13.78;13.98;13.70;13.975;2499279
FR0000124141;01/09/14;14.00;14.08;13.905;14.06;1679160
FR0000124141;02/09/14;14.10;14.19;14.04;14.105;1669580
FR0000124141;03/09/14;14.075;14.315;14.075;14.23;1883824
FR0000124141;04/09/14;14.225;14.34;14.05;14.285;2202436
FR0000124141;05/09/14;14.245;14.485;14.24;14.425;1608317
FR0000124141;08/09/14;14.40;14.495;14.345;14.36;1111433
FR0000124141;09/09/14;14.28;14.39;14.16;14.21;1274785
FR0000124141;10/09/14;14.185;14.275;14.135;14.22;987097
FR0000124141;11/09/14;14.18;14.285;14.12;14.22;1208297
FR0000124141;12/09/14;14.26;14.40;14.21;14.24;1152899
FR0000124141;15/09/14;14.175;14.27;14.14;14.18;875258
FR0000124141;16/09/14;14.18;14.18;13.89;13.965;1683519
FR0000124141;17/09/14;14.02;14.115;13.96;13.96;1354884
FR0000124141;18/09/14;13.96;14.065;13.81;13.87;1580266
FR0000124141;19/09/14;13.995;14.295;13.96;14.185;3589573
FR0000124141;22/09/14;14.18;14.27;14.055;14.105;1362184
FR0000124141;23/09/14;14.125;14.125;13.685;13.74;2560434
FR0000124141;24/09/14;13.735;13.78;13.51;13.75;1704614
FR0000124141;25/09/14;13.74;13.93;13.525;13.575;1522073
FR0000124141;26/09/14;13.485;13.715;13.315;13.585;2326914
FR0000124141;29/09/14;13.59;13.69;13.505;13.625;1338912
FR0000124141;30/09/14;13.72;14.01;13.72;13.98;3191023
FR0000124141;01/10/14;13.98;14.195;13.875;13.95;3088779
FR0000124141;02/10/14;13.90;13.935;13.405;13.44;3272759
FR0000124141;03/10/14;13.565;13.69;13.39;13.615;1974246
FR0000124141;06/10/14;13.695;13.825;13.615;13.765;2168185
FR0000124141;07/10/14;13.745;13.795;13.475;13.53;2733127
FR0000124141;08/10/14;13.485;13.52;13.165;13.28;2615476
FR0000124141;09/10/14;13.39;13.47;13.125;13.175;2330339
FR0000124141;10/10/14;13.07;13.215;12.89;13.085;2854238
FR0000124141;13/10/14;12.955;13.185;12.92;13.105;1572798
FR0000124141;14/10/14;13.01;13.11;12.90;13.015;2326906
FR0000124141;15/10/14;12.965;13.06;12.53;12.55;2690601
FR0000124141;16/10/14;12.55;12.63;11.99;12.34;4188044
FR0000124141;17/10/14;12.34;12.83;12.32;12.815;3310497
FR0000124141;20/10/14;12.81;12.865;12.63;12.79;1967603
FR0000124141;21/10/14;12.745;13.09;12.725;13.09;2066165
FR0000124141;22/10/14;13.14;13.26;13.05;13.225;1644683
FR0000124141;23/10/14;13.21;13.355;12.955;13.33;1958696
FR0000124141;24/10/14;13.29;13.38;13.155;13.155;1613817
FR0000124141;27/10/14;13.30;13.37;12.97;13.08;1490957
FR0000124141;28/10/14;13.165;13.315;13.14;13.30;1679691
FR0000124141;29/10/14;13.35;13.395;13.06;13.095;2518778
FR0000124141;30/10/14;13.20;13.20;12.66;13.095;2596397
FR0000124141;31/10/14;13.235;13.39;13.135;13.335;3197575
FR0000124141;03/11/14;13.295;13.40;13.255;13.295;1367065
FR0000124141;04/11/14;13.33;13.495;13.165;13.25;1856390
FR0000124141;05/11/14;13.37;13.635;13.35;13.635;2849454
FR0000124141;06/11/14;13.76;14.20;13.76;14.045;5225901
FR0000124141;07/11/14;14.115;14.19;13.90;14.08;2138143
FR0000124141;10/11/14;14.085;14.195;13.915;14.105;1711951
FR0000124141;11/11/14;14.105;14.195;13.98;14.065;1494437
FR0000124141;12/11/14;14.035;14.06;13.77;13.84;1884803
FR0000124141;13/11/14;13.895;13.965;13.68;13.81;1604412
FR0000124141;14/11/14;13.84;13.855;13.615;13.725;2479889
FR0000124141;17/11/14;13.65;14.12;13.61;14.085;2460262
FR0000124141;18/11/14;14.135;14.215;14.06;14.14;1978638
FR0000124141;19/11/14;14.185;14.48;14.15;14.32;2535854
FR0000124141;20/11/14;14.345;14.35;14.05;14.135;1492359
FR0000124141;21/11/14;14.13;14.31;14.12;14.245;2777225
FR0000124141;24/11/14;14.285;14.335;14.20;14.255;1650140
FR0000124141;25/11/14;14.25;14.42;14.245;14.355;2143039
FR0000124141;26/11/14;14.405;14.50;14.32;14.41;1676661
FR0000124141;27/11/14;14.465;14.635;14.40;14.495;2242561
FR0000124141;28/11/14;14.55;14.72;14.47;14.665;2741209
FR0000124141;01/12/14;14.59;14.70;14.48;14.58;1895468
FR0000124141;02/12/14;14.615;14.69;14.44;14.485;1683721
FR0000124141;03/12/14;14.49;14.64;14.48;14.54;1257297
FR0000124141;04/12/14;14.545;14.625;14.29;14.38;2507093
FR0000124141;05/12/14;14.50;14.745;14.50;14.71;2789883
FR0000124141;08/12/14;14.645;14.835;14.58;14.79;1860375
FR0000124141;09/12/14;14.675;14.68;14.305;14.40;2894676
FR0000124141;10/12/14;14.42;14.645;14.375;14.51;2394645
FR0000124141;11/12/14;14.54;14.59;14.32;14.40;2516335
FR0000124141;12/12/14;14.305;14.33;14.005;14.03;2783970
FR0000124141;15/12/14;14.005;14.11;13.705;13.73;3232393
FR0000124141;16/12/14;13.75;14.23;13.54;14.185;4912059
FR0000124141;17/12/14;14.015;14.26;13.93;14.12;2444722
FR0000124141;18/12/14;14.325;14.74;14.235;14.695;3892823
FR0000124141;19/12/14;14.75;14.895;14.625;14.765;3266658
FR0000124141;22/12/14;14.815;14.945;14.76;14.785;1352226
FR0000124141;23/12/14;14.79;14.92;14.67;14.90;1311131
FR0000124141;24/12/14;14.935;15.00;14.86;14.91;425491
FR0000124141;29/12/14;14.90;14.995;14.665;14.975;1290817
FR0000124141;30/12/14;14.955;14.96;14.70;14.70;1240241
FR0000124141;31/12/14;14.675;14.79;14.515;14.755;494483
FR0000124141;02/01/15;14.85;14.99;14.505;14.685;1702361
FR0000124141;05/01/15;14.61;14.855;14.29;14.32;2380185
FR0000124141;06/01/15;14.36;14.36;14.04;14.12;3051557
FR0000124141;07/01/15;14.205;14.37;14.15;14.23;1757123
FR0000124141;08/01/15;14.385;14.56;14.29;14.495;3018313
FR0000124141;09/01/15;14.545;14.975;14.51;14.70;3464886
FR0000124141;12/01/15;14.78;14.96;14.485;14.605;1887744
FR0000124141;13/01/15;14.765;15.295;14.71;15.21;5803819
FR0000124141;14/01/15;15.075;15.37;14.99;15.22;2934052
FR0000124141;15/01/15;15.31;15.505;14.80;15.44;4339470
FR0000124141;16/01/15;15.38;15.685;15.26;15.605;3475929
FR0000124141;19/01/15;15.635;15.88;15.60;15.79;2845156
FR0000124141;20/01/15;15.88;15.885;15.715;15.845;2457327
FR0000124141;21/01/15;15.855;15.895;15.655;15.86;2608118
FR0000124141;22/01/15;15.815;16.36;15.80;16.25;3930773
FR0000124141;23/01/15;16.32;16.57;16.18;16.255;3582572
FR0000124141;26/01/15;16.20;16.495;16.145;16.295;2739516
FR0000124141;27/01/15;16.25;16.33;15.91;16.14;3511419
FR0000124141;28/01/15;16.25;16.285;15.96;16.21;2090085
FR0000124141;29/01/15;16.14;16.495;16.06;16.455;2549687
FR0000124141;30/01/15;16.505;16.51;16.175;16.255;2106023
FR0000124141;02/02/15;16.275;16.44;15.89;16.085;3569344
FR0000124141;03/02/15;16.15;16.64;16.11;16.425;3784522
FR0000124141;04/02/15;16.445;16.49;16.305;16.48;2159952
FR0000124141;05/02/15;16.375;16.685;16.335;16.485;2581543
FR0000124141;06/02/15;16.475;16.475;16.20;16.28;2070457
FR0000124141;09/02/15;16.17;16.18;15.90;16.04;2435142
FR0000124141;10/02/15;16.09;16.285;16.03;16.25;2512540
FR0000124141;11/02/15;16.25;16.415;16.15;16.295;1530775
FR0000124141;12/02/15;16.275;16.44;16.045;16.275;2604805
FR0000124141;13/02/15;16.335;16.485;16.255;16.43;3198865
FR0000124141;16/02/15;16.425;16.455;16.30;16.36;1316340
FR0000124141;17/02/15;16.31;16.35;16.125;16.33;1320664
FR0000124141;18/02/15;16.35;16.485;16.315;16.39;1834295
FR0000124141;19/02/15;16.335;16.525;16.26;16.52;1986327
FR0000124141;20/02/15;16.49;16.655;16.46;16.59;2089635
FR0000124141;23/02/15;16.66;16.695;16.535;16.645;1859488
FR0000124141;24/02/15;16.69;17.15;16.635;17.07;3531001
FR0000124141;25/02/15;17.135;17.175;16.615;16.84;4316529
FR0000124141;26/02/15;17.20;17.21;16.40;16.98;4946378
FR0000124141;27/02/15;17.00;17.40;16.98;17.40;3248014
FR0000124141;02/03/15;17.475;17.655;17.39;17.435;3104815
FR0000124141;03/03/15;17.145;17.155;16.885;16.92;5851879
FR0000124141;04/03/15;16.98;17.01;16.73;17.00;4068528
FR0000124141;05/03/15;17.02;17.095;16.99;17.08;2065148
FR0000124141;06/03/15;17.09;17.14;17.015;17.02;3206345
