258
FR0000120404;03/03/14;36.58;36.85;36.26;36.325;773179
FR0000120404;04/03/14;36.655;37.36;36.315;37.295;851005
FR0000120404;05/03/14;37.405;37.93;37.315;37.74;1182786
FR0000120404;06/03/14;37.83;38.53;37.785;38.46;1362425
FR0000120404;07/03/14;38.43;38.65;37.975;38.305;1622896
FR0000120404;10/03/14;38.305;38.68;38.005;38.44;1023185
FR0000120404;11/03/14;38.45;38.555;38.16;38.365;523871
FR0000120404;12/03/14;38.295;38.825;38.035;38.705;916386
FR0000120404;13/03/14;38.725;38.80;38.295;38.43;859821
FR0000120404;14/03/14;38.135;38.265;36.87;37.28;1762101
FR0000120404;17/03/14;37.375;37.955;37.165;37.615;1067872
FR0000120404;18/03/14;37.465;38.38;37.385;38.115;1284572
FR0000120404;19/03/14;38.14;38.235;37.25;37.71;854444
FR0000120404;20/03/14;37.54;37.54;36.98;37.51;1013190
FR0000120404;21/03/14;37.615;37.94;37.56;37.65;947009
FR0000120404;24/03/14;37.655;37.66;37.05;37.185;611824
FR0000120404;25/03/14;37.435;37.55;36.70;36.78;1973453
FR0000120404;26/03/14;36.79;37.085;36.685;36.75;1041668
FR0000120404;27/03/14;36.72;36.955;36.38;36.85;745310
FR0000120404;28/03/14;36.95;37.43;36.94;37.00;947073
FR0000120404;31/03/14;37.135;37.68;37.065;37.165;883210
FR0000120404;01/04/14;37.21;38.155;37.195;38.11;996861
FR0000120404;02/04/14;37.995;38.14;37.70;37.765;668218
FR0000120404;03/04/14;37.515;37.59;36.965;37.175;1409152
FR0000120404;04/04/14;37.145;37.335;36.775;36.98;956091
FR0000120404;07/04/14;36.69;36.87;36.485;36.525;790230
FR0000120404;08/04/14;36.615;36.71;35.51;36.10;1305268
FR0000120404;09/04/14;36.085;36.45;35.985;36.10;782149
FR0000120404;10/04/14;36.75;36.935;35.50;35.665;1082756
FR0000120404;11/04/14;35.35;35.375;34.68;34.95;1261746
FR0000120404;14/04/14;34.94;35.095;34.365;34.90;1112887
FR0000120404;15/04/14;34.90;35.255;34.375;34.45;1169624
FR0000120404;16/04/14;34.78;35.315;34.67;35.225;1172001
FR0000120404;17/04/14;35.25;35.825;35.235;35.375;1083785
FR0000120404;22/04/14;35.05;36.145;34.87;36.03;1251846
FR0000120404;23/04/14;36.09;36.205;35.58;35.68;842848
FR0000120404;24/04/14;35.71;36.095;34.80;35.50;1304335
FR0000120404;25/04/14;35.26;35.545;35.16;35.315;715705
FR0000120404;28/04/14;35.49;35.57;35.15;35.28;685640
FR0000120404;29/04/14;35.46;35.685;35.075;35.465;781321
FR0000120404;30/04/14;35.46;35.525;35.13;35.24;1093983
FR0000120404;02/05/14;35.38;35.92;35.265;35.855;1017183
FR0000120404;05/05/14;35.92;35.92;35.115;35.435;484094
FR0000120404;06/05/14;35.50;35.695;35.265;35.38;590763
FR0000120404;07/05/14;35.395;36.075;35.27;36.05;1120975
FR0000120404;08/05/14;36.325;36.345;35.51;35.94;757025
FR0000120404;09/05/14;35.05;35.515;35.025;35.25;1151912
FR0000120404;12/05/14;35.245;35.35;34.915;35.24;991329
FR0000120404;13/05/14;35.27;35.54;35.075;35.51;1114410
FR0000120404;14/05/14;35.61;36.045;35.555;35.865;857551
FR0000120404;15/05/14;35.975;36.30;35.525;35.635;1142783
FR0000120404;16/05/14;35.595;35.845;34.82;35.085;967342
FR0000120404;19/05/14;35.035;35.35;34.745;34.99;692873
FR0000120404;20/05/14;35.05;35.585;35.05;35.48;611827
FR0000120404;21/05/14;35.42;35.74;35.12;35.695;1119665
FR0000120404;22/05/14;35.685;36.33;35.685;36.01;911296
FR0000120404;23/05/14;36.10;36.565;36.085;36.43;904459
FR0000120404;26/05/14;36.85;37.62;36.80;37.52;776522
FR0000120404;27/05/14;37.66;38.425;37.65;37.995;1557435
FR0000120404;28/05/14;37.96;38.345;37.895;38.11;933237
FR0000120404;29/05/14;37.935;38.495;37.93;38.185;683399
FR0000120404;30/05/14;38.18;38.93;38.15;38.815;1675041
FR0000120404;02/06/14;39.00;39.135;38.395;38.70;804275
FR0000120404;03/06/14;38.75;38.755;38.29;38.39;770336
FR0000120404;04/06/14;38.425;39.165;38.35;38.95;1069695
FR0000120404;05/06/14;39.175;39.50;38.995;39.35;1039443
FR0000120404;06/06/14;39.495;39.56;38.91;38.98;959050
FR0000120404;09/06/14;38.99;39.15;38.90;39.11;381163
FR0000120404;10/06/14;38.955;39.40;38.955;39.32;491871
FR0000120404;11/06/14;39.45;39.575;38.795;38.95;906527
FR0000120404;12/06/14;38.95;39.35;38.85;39.23;764171
FR0000120404;13/06/14;39.255;39.34;38.35;38.66;798456
FR0000120404;16/06/14;38.565;38.855;38.32;38.53;648992
FR0000120404;17/06/14;38.665;39.23;38.655;38.765;595460
FR0000120404;18/06/14;38.79;38.995;38.425;38.465;622145
FR0000120404;19/06/14;38.85;39.11;38.78;38.895;724728
FR0000120404;20/06/14;38.85;39.15;38.815;38.815;1468350
FR0000120404;23/06/14;38.975;39.05;38.51;38.88;606962
FR0000120404;24/06/14;38.895;39.15;38.77;38.92;631148
FR0000120404;25/06/14;38.85;38.885;38.09;38.25;861989
FR0000120404;26/06/14;38.27;38.33;37.84;38.095;750391
FR0000120404;27/06/14;38.185;38.20;37.73;37.935;609120
FR0000120404;30/06/14;38.10;38.235;37.83;37.99;539366
FR0000120404;01/07/14;38.03;38.17;37.775;38.025;648037
FR0000120404;02/07/14;38.10;38.67;38.025;38.635;725834
FR0000120404;03/07/14;38.735;38.98;38.51;38.89;633608
FR0000120404;04/07/14;38.805;39.035;38.65;38.705;435034
FR0000120404;07/07/14;38.745;39.08;38.085;38.105;652197
FR0000120404;08/07/14;38.055;38.095;37.315;37.365;721760
FR0000120404;09/07/14;37.405;37.555;37.18;37.275;388458
FR0000120404;10/07/14;37.285;37.365;36.135;36.615;840095
FR0000120404;11/07/14;36.63;37.59;36.63;36.80;996270
FR0000120404;14/07/14;37.03;37.03;36.65;36.85;459832
FR0000120404;15/07/14;36.755;36.84;35.94;36.00;816296
FR0000120404;16/07/14;36.16;36.575;36.05;36.385;505071
FR0000120404;17/07/14;36.39;36.58;36.23;36.275;522965
FR0000120404;18/07/14;37.00;37.185;36.085;36.845;1105423
FR0000120404;21/07/14;36.86;36.865;36.075;36.165;526712
FR0000120404;22/07/14;36.395;36.55;36.135;36.47;542559
FR0000120404;23/07/14;36.335;36.85;36.32;36.595;436871
FR0000120404;24/07/14;36.655;36.775;36.20;36.545;483191
FR0000120404;25/07/14;36.39;36.63;35.95;36.015;430111
FR0000120404;28/07/14;36.08;36.275;35.37;35.575;790091
FR0000120404;29/07/14;35.68;35.79;35.465;35.635;494110
FR0000120404;30/07/14;36.32;36.87;36.075;36.185;953720
FR0000120404;31/07/14;36.255;36.355;35.605;36.20;999570
FR0000120404;01/08/14;36.045;36.115;35.42;35.54;742276
FR0000120404;04/08/14;35.60;35.635;35.21;35.33;506939
FR0000120404;05/08/14;35.405;35.485;34.845;34.99;589337
FR0000120404;06/08/14;34.82;34.855;34.055;34.565;796117
FR0000120404;07/08/14;34.825;34.965;34.135;34.19;708335
FR0000120404;08/08/14;33.925;34.00;33.275;33.625;1012949
FR0000120404;11/08/14;33.835;34.54;33.74;34.445;581765
FR0000120404;12/08/14;34.42;34.515;34.03;34.41;411797
FR0000120404;13/08/14;34.54;34.80;34.40;34.695;503859
FR0000120404;14/08/14;34.455;35.16;34.415;35.085;612927
FR0000120404;15/08/14;35.135;35.355;34.53;34.555;556934
FR0000120404;18/08/14;35.01;35.265;34.82;35.195;480269
FR0000120404;19/08/14;35.32;35.72;35.28;35.575;338500
FR0000120404;20/08/14;35.565;35.635;35.15;35.345;270495
FR0000120404;21/08/14;35.54;36.075;35.425;35.89;601858
FR0000120404;22/08/14;35.90;35.90;35.30;35.755;527178
FR0000120404;25/08/14;36.06;36.15;35.665;35.99;278598
FR0000120404;26/08/14;36.165;37.17;35.635;37.155;888450
FR0000120404;27/08/14;36.995;37.54;36.80;37.395;691828
FR0000120404;28/08/14;37.245;37.38;36.87;37.025;589848
FR0000120404;29/08/14;37.175;37.175;36.60;36.98;653312
FR0000120404;01/09/14;37.00;37.00;36.665;36.85;355881
FR0000120404;02/09/14;36.915;36.99;36.225;36.27;801117
FR0000120404;03/09/14;36.30;37.01;36.20;36.625;801720
FR0000120404;04/09/14;36.595;37.665;36.285;37.585;781602
FR0000120404;05/09/14;37.48;38.17;37.15;37.215;899522
FR0000120404;08/09/14;37.33;37.35;36.715;36.795;456392
FR0000120404;09/09/14;36.55;36.685;36.11;36.345;804895
FR0000120404;10/09/14;36.145;36.435;36.025;36.055;759806
FR0000120404;11/09/14;36.205;36.315;35.46;36.00;896707
FR0000120404;12/09/14;36.02;36.165;35.805;35.915;568748
FR0000120404;15/09/14;35.80;36.20;35.75;36.045;713437
FR0000120404;16/09/14;36.085;36.085;35.575;35.885;521947
FR0000120404;17/09/14;36.085;36.22;35.99;36.13;518577
FR0000120404;18/09/14;36.16;36.66;36.15;36.655;708154
FR0000120404;19/09/14;36.935;36.995;36.42;36.51;1064939
FR0000120404;22/09/14;36.335;36.355;35.87;36.10;921785
FR0000120404;23/09/14;36.095;36.145;35.685;35.895;862834
FR0000120404;24/09/14;35.86;35.86;35.335;35.645;718323
FR0000120404;25/09/14;35.625;35.985;35.06;35.10;1008319
FR0000120404;26/09/14;35.05;35.235;34.72;35.06;1003569
FR0000120404;29/09/14;35.00;35.155;34.72;34.90;463673
FR0000120404;30/09/14;34.96;35.265;34.695;35.115;826453
FR0000120404;01/10/14;35.10;35.41;34.595;34.78;828030
FR0000120404;02/10/14;34.68;34.78;34.055;34.055;1036258
FR0000120404;03/10/14;34.285;34.78;34.05;34.59;729677
FR0000120404;06/10/14;34.83;35.095;34.68;34.885;656954
FR0000120404;07/10/14;34.64;34.80;33.79;33.805;1175048
FR0000120404;08/10/14;33.72;33.79;32.715;32.925;1024780
FR0000120404;09/10/14;33.34;34.02;32.68;32.715;1387217
FR0000120404;10/10/14;32.60;32.605;31.455;31.795;1658846
FR0000120404;13/10/14;31.42;31.945;31.215;31.365;1057326
FR0000120404;14/10/14;31.21;31.41;30.98;31.32;1261565
FR0000120404;15/10/14;31.31;31.785;29.95;30.02;2044689
FR0000120404;16/10/14;30.40;30.70;28.865;30.285;2320591
FR0000120404;17/10/14;30.905;31.625;30.60;31.505;2286465
FR0000120404;20/10/14;31.645;31.905;31.27;31.715;1171608
FR0000120404;21/10/14;31.695;32.48;31.65;32.28;1185178
FR0000120404;22/10/14;32.435;32.545;32.045;32.175;960614
FR0000120404;23/10/14;32.05;32.235;31.705;31.89;983898
FR0000120404;24/10/14;31.87;31.95;31.65;31.725;638765
FR0000120404;27/10/14;32.06;32.16;31.35;31.69;673644
FR0000120404;28/10/14;31.945;32.39;31.90;32.105;803739
FR0000120404;29/10/14;32.175;32.275;31.67;31.735;978217
FR0000120404;30/10/14;31.97;32.98;31.675;32.93;1408638
FR0000120404;31/10/14;33.29;33.785;33.11;33.51;1396380
FR0000120404;03/11/14;33.52;34.365;33.44;34.315;1208567
FR0000120404;04/11/14;34.20;34.225;33.34;33.365;1496463
FR0000120404;05/11/14;33.535;33.74;33.37;33.63;710900
FR0000120404;06/11/14;33.55;33.90;33.365;33.505;889992
FR0000120404;07/11/14;33.49;33.655;33.18;33.18;673394
FR0000120404;10/11/14;33.18;33.235;32.84;33.10;1019198
FR0000120404;11/11/14;33.28;34.06;33.23;34.03;742580
FR0000120404;12/11/14;34.50;34.53;33.975;34.035;1055744
FR0000120404;13/11/14;34.20;34.45;33.93;33.995;795974
FR0000120404;14/11/14;34.27;34.445;34.045;34.10;623258
FR0000120404;17/11/14;33.865;34.46;33.65;34.405;609313
FR0000120404;18/11/14;34.34;34.975;34.315;34.975;740802
FR0000120404;19/11/14;35.00;35.46;34.865;35.30;883721
FR0000120404;20/11/14;35.225;35.40;34.93;35.40;633133
FR0000120404;21/11/14;35.395;36.325;35.255;36.30;1075224
FR0000120404;24/11/14;36.25;36.63;35.835;36.40;723341
FR0000120404;25/11/14;36.45;36.68;36.335;36.665;771999
FR0000120404;26/11/14;36.65;36.91;36.61;36.805;772623
FR0000120404;27/11/14;36.77;37.285;36.615;37.21;626088
FR0000120404;28/11/14;37.24;37.96;37.175;37.935;782338
FR0000120404;01/12/14;37.775;38.00;37.56;37.68;589844
FR0000120404;02/12/14;37.93;37.96;37.49;37.505;517789
FR0000120404;03/12/14;37.44;37.615;37.35;37.395;562080
FR0000120404;04/12/14;37.295;37.49;36.75;37.17;952612
FR0000120404;05/12/14;37.405;37.495;37.115;37.36;651550
FR0000120404;08/12/14;37.175;37.50;37.035;37.085;584456
FR0000120404;09/12/14;36.75;36.96;35.935;35.955;742932
FR0000120404;10/12/14;36.20;36.455;35.87;35.87;583658
FR0000120404;11/12/14;35.80;35.97;35.445;35.815;719383
FR0000120404;12/12/14;35.615;35.765;35.225;35.235;714920
FR0000120404;15/12/14;35.40;35.88;35.025;35.045;742553
FR0000120404;16/12/14;35.075;35.89;34.89;35.89;1244610
FR0000120404;17/12/14;35.545;36.00;35.315;35.90;627041
FR0000120404;18/12/14;36.26;36.87;36.00;36.76;675240
FR0000120404;19/12/14;36.88;37.00;36.30;36.78;934351
FR0000120404;22/12/14;36.93;37.19;36.795;37.155;433151
FR0000120404;23/12/14;37.165;37.69;37.155;37.69;376225
FR0000120404;24/12/14;37.70;37.82;37.425;37.615;67444
FR0000120404;29/12/14;37.71;37.85;36.885;37.345;560227
FR0000120404;30/12/14;37.27;37.65;37.055;37.055;386123
FR0000120404;31/12/14;37.34;37.50;37.19;37.34;82077
FR0000120404;02/01/15;37.485;37.80;37.00;37.28;391240
FR0000120404;05/01/15;37.205;37.855;36.76;36.80;515585
FR0000120404;06/01/15;37.015;37.025;36.015;36.03;897341
FR0000120404;07/01/15;36.285;36.485;35.99;36.21;677867
FR0000120404;08/01/15;36.55;37.225;36.16;36.935;960631
FR0000120404;09/01/15;36.91;37.495;36.665;36.905;794590
FR0000120404;12/01/15;37.085;37.58;36.945;37.315;502485
FR0000120404;13/01/15;37.115;38.02;37.115;37.95;624125
FR0000120404;14/01/15;37.61;38.06;36.825;37.05;1036955
FR0000120404;15/01/15;37.79;38.20;36.835;38.20;1409295
FR0000120404;16/01/15;38.025;39.175;37.915;39.085;1499425
FR0000120404;19/01/15;39.08;39.59;38.95;39.395;1044029
FR0000120404;20/01/15;39.40;40.00;39.40;39.595;1210706
FR0000120404;21/01/15;39.83;41.02;39.725;40.86;1721740
FR0000120404;22/01/15;40.70;42.00;40.565;41.915;1481511
FR0000120404;23/01/15;42.03;43.885;42.015;43.695;2310945
FR0000120404;26/01/15;43.62;44.54;43.49;44.44;1182674
FR0000120404;27/01/15;44.185;44.495;43.295;43.51;1027585
FR0000120404;28/01/15;43.70;43.805;43.13;43.80;931066
FR0000120404;29/01/15;43.425;44.075;42.95;44.075;897931
FR0000120404;30/01/15;44.175;44.445;43.92;44.325;722654
FR0000120404;02/02/15;44.31;44.70;43.52;43.90;1017463
FR0000120404;03/02/15;43.985;44.75;43.865;44.27;968540
FR0000120404;04/02/15;44.07;44.58;43.50;44.45;1103702
FR0000120404;05/02/15;44.035;45.16;44.03;44.90;1148876
FR0000120404;06/02/15;44.77;45.32;44.155;45.23;922221
FR0000120404;09/02/15;44.855;45.10;44.25;44.88;1197661
FR0000120404;10/02/15;44.81;45.29;44.495;44.955;920630
FR0000120404;11/02/15;44.865;45.245;44.75;44.94;528127
FR0000120404;12/02/15;44.80;45.685;44.65;45.635;1043255
FR0000120404;13/02/15;45.635;45.89;45.39;45.72;848302
FR0000120404;16/02/15;45.685;45.73;45.30;45.41;631450
FR0000120404;17/02/15;45.00;45.29;44.77;45.15;827532
FR0000120404;18/02/15;45.69;46.89;45.60;46.15;1617812
FR0000120404;19/02/15;46.22;47.60;46.10;47.17;1661318
FR0000120404;20/02/15;47.045;47.17;46.605;46.905;1242264
FR0000120404;23/02/15;46.905;47.415;46.78;47.39;1311547
FR0000120404;24/02/15;47.46;47.87;46.99;47.495;792212
FR0000120404;25/02/15;47.63;48.33;47.355;47.52;1286774
FR0000120404;26/02/15;47.41;47.47;46.625;47.37;1319698
FR0000120404;27/02/15;46.84;46.90;46.25;46.825;1922931
FR0000120404;02/03/15;46.80;47.165;46.65;47.15;986632
FR0000120404;03/03/15;47.085;47.41;46.14;46.24;1127101
FR0000120404;04/03/15;46.495;46.62;46.075;46.61;868257
FR0000120404;05/03/15;46.78;48.455;46.62;48.35;1613069
FR0000120404;06/03/15;48.25;49.37;48.17;49.205;1490980
