258
FR0000125486;03/03/14;53.12;53.12;52.37;52.43;2207533
FR0000125486;04/03/14;52.82;53.76;52.58;53.66;1808594
FR0000125486;05/03/14;53.35;54.47;53.23;54.16;1829120
FR0000125486;06/03/14;54.26;54.60;53.88;53.96;1327448
FR0000125486;07/03/14;53.94;54.37;53.26;53.26;1681613
FR0000125486;10/03/14;53.31;54.05;53.18;53.58;1125512
FR0000125486;11/03/14;53.72;53.90;52.85;53.64;1128873
FR0000125486;12/03/14;53.35;53.86;53.05;53.73;1718087
FR0000125486;13/03/14;53.75;53.77;53.05;53.05;1239686
FR0000125486;14/03/14;52.70;53.09;51.87;52.37;2077798
FR0000125486;17/03/14;52.28;53.18;52.21;53.13;983092
FR0000125486;18/03/14;53.00;54.13;52.46;53.65;1260723
FR0000125486;19/03/14;53.65;53.81;53.10;53.30;1141502
FR0000125486;20/03/14;52.97;53.72;52.74;53.70;1489136
FR0000125486;21/03/14;53.83;53.85;53.06;53.06;2589386
FR0000125486;24/03/14;53.06;53.40;52.26;52.42;1265014
FR0000125486;25/03/14;52.67;53.91;52.66;53.50;1437033
FR0000125486;26/03/14;53.71;54.19;53.57;53.71;1261306
FR0000125486;27/03/14;53.66;54.18;53.36;54.04;1072111
FR0000125486;28/03/14;54.30;54.50;53.88;54.29;1305211
FR0000125486;31/03/14;54.50;54.59;53.89;53.91;1103635
FR0000125486;01/04/14;53.95;54.71;53.91;54.52;1388890
FR0000125486;02/04/14;54.52;54.52;53.79;54.04;1307087
FR0000125486;03/04/14;54.05;54.67;53.56;54.23;1370585
FR0000125486;04/04/14;54.38;54.93;54.01;54.75;1519332
FR0000125486;07/04/14;54.41;54.79;53.90;53.95;1438223
FR0000125486;08/04/14;53.96;54.30;53.08;53.91;1520294
FR0000125486;09/04/14;54.00;54.52;53.82;54.40;920110
FR0000125486;10/04/14;54.65;54.77;53.69;53.88;1037054
FR0000125486;11/04/14;53.47;53.83;52.81;53.77;1591789
FR0000125486;14/04/14;53.52;53.75;52.47;53.07;1464689
FR0000125486;15/04/14;52.98;53.40;52.46;52.61;1117799
FR0000125486;16/04/14;53.24;54.10;53.11;54.00;1436128
FR0000125486;17/04/14;54.02;54.44;53.81;54.10;1159095
FR0000125486;22/04/14;54.25;54.84;54.04;54.65;1513310
FR0000125486;23/04/14;54.37;54.41;53.91;54.00;1635858
FR0000125486;24/04/14;54.37;54.65;53.66;54.13;1328091
FR0000125486;25/04/14;53.10;54.12;53.01;53.73;2535721
FR0000125486;28/04/14;53.81;54.38;53.73;54.15;1276802
FR0000125486;29/04/14;54.35;55.14;54.15;55.03;1936494
FR0000125486;30/04/14;54.86;55.23;53.85;54.34;1987678
FR0000125486;02/05/14;54.34;54.65;53.98;54.09;1647283
FR0000125486;05/05/14;54.10;54.40;53.16;54.33;970293
FR0000125486;06/05/14;54.49;54.57;53.92;54.11;1095386
FR0000125486;07/05/14;54.00;54.40;53.56;54.13;1819001
FR0000125486;08/05/14;54.24;54.87;54.04;54.60;1626011
FR0000125486;09/05/14;54.50;54.69;54.35;54.46;1384038
FR0000125486;12/05/14;54.73;55.00;54.39;54.74;1595957
FR0000125486;13/05/14;54.73;54.75;54.33;54.48;1292307
FR0000125486;14/05/14;54.58;54.70;54.06;54.37;1262936
FR0000125486;15/05/14;54.20;54.51;52.94;53.12;2340172
FR0000125486;16/05/14;53.11;53.41;52.61;53.30;1937656
FR0000125486;19/05/14;53.27;53.80;52.60;53.69;1623276
FR0000125486;20/05/14;53.87;54.09;53.42;53.51;1314749
FR0000125486;21/05/14;53.37;53.85;53.08;53.42;1298328
FR0000125486;22/05/14;53.50;53.85;53.36;53.66;992877
FR0000125486;23/05/14;53.66;53.99;53.15;53.86;947195
FR0000125486;26/05/14;54.00;54.26;53.88;54.24;801758
FR0000125486;27/05/14;54.15;54.58;54.13;54.33;913220
FR0000125486;28/05/14;54.29;54.52;54.15;54.52;831323
FR0000125486;29/05/14;54.46;54.55;54.18;54.43;833918
FR0000125486;30/05/14;54.43;54.50;54.10;54.30;1248944
FR0000125486;02/06/14;54.51;54.75;54.15;54.45;949360
FR0000125486;03/06/14;54.50;54.56;54.23;54.42;994167
FR0000125486;04/06/14;54.23;54.70;54.23;54.60;1639432
FR0000125486;05/06/14;54.60;55.53;54.39;55.37;2030323
FR0000125486;06/06/14;55.62;56.64;55.40;56.38;1819435
FR0000125486;09/06/14;56.43;56.94;56.39;56.63;702447
FR0000125486;10/06/14;56.71;56.90;56.45;56.71;1148634
FR0000125486;11/06/14;56.81;56.89;55.88;56.27;2263348
FR0000125486;12/06/14;56.51;56.94;56.27;56.46;1360695
FR0000125486;13/06/14;56.50;56.58;55.83;56.19;1182290
FR0000125486;16/06/14;56.05;56.22;55.61;55.69;1131711
FR0000125486;17/06/14;55.85;56.17;55.54;55.78;995210
FR0000125486;18/06/14;55.80;55.87;55.51;55.75;940704
FR0000125486;19/06/14;56.27;57.11;56.27;56.85;2013666
FR0000125486;20/06/14;57.02;57.36;56.25;56.25;5219269
FR0000125486;23/06/14;56.34;56.49;55.60;55.90;1097245
FR0000125486;24/06/14;56.05;56.22;55.20;55.23;1693063
FR0000125486;25/06/14;55.13;55.35;54.64;55.10;1730037
FR0000125486;26/06/14;55.40;55.66;54.61;55.10;1331735
FR0000125486;27/06/14;55.15;55.36;54.91;55.04;1029412
FR0000125486;30/06/14;55.22;55.31;54.37;54.60;1460957
FR0000125486;01/07/14;54.21;54.50;54.05;54.44;1535788
FR0000125486;02/07/14;54.59;54.97;54.10;54.37;1307137
FR0000125486;03/07/14;54.32;54.48;53.73;54.21;1999301
FR0000125486;04/07/14;54.27;54.49;53.96;54.09;947667
FR0000125486;07/07/14;53.91;54.02;52.89;53.00;1581917
FR0000125486;08/07/14;53.17;53.35;51.56;51.70;1867917
FR0000125486;09/07/14;51.92;52.14;51.73;51.95;1639154
FR0000125486;10/07/14;51.86;52.04;51.10;51.53;1694610
FR0000125486;11/07/14;51.55;52.04;51.51;51.83;1565688
FR0000125486;14/07/14;51.81;52.34;51.71;52.03;965245
FR0000125486;15/07/14;51.81;52.14;51.46;51.62;1099084
FR0000125486;16/07/14;51.73;52.66;51.71;52.61;1172676
FR0000125486;17/07/14;52.23;52.54;51.75;51.85;1204498
FR0000125486;18/07/14;51.58;52.59;51.37;52.54;1707981
FR0000125486;21/07/14;52.55;52.63;51.70;51.93;1243120
FR0000125486;22/07/14;52.28;53.62;52.28;53.44;1928323
FR0000125486;23/07/14;53.43;53.85;53.29;53.44;1056367
FR0000125486;24/07/14;53.54;54.00;52.96;53.91;1238060
FR0000125486;25/07/14;53.73;53.90;52.78;52.94;1348710
FR0000125486;28/07/14;53.22;53.36;52.39;52.86;1470626
FR0000125486;29/07/14;52.84;53.47;52.52;53.13;1146832
FR0000125486;30/07/14;53.24;53.45;52.51;52.73;1187166
FR0000125486;31/07/14;52.78;52.81;51.29;51.62;1864303
FR0000125486;01/08/14;48.70;49.085;45.50;48.355;6216402
FR0000125486;04/08/14;48.325;48.85;48.04;48.125;2575060
FR0000125486;05/08/14;48.28;48.52;47.60;47.90;2115533
FR0000125486;06/08/14;47.535;47.87;47.21;47.505;2022437
FR0000125486;07/08/14;47.50;47.655;46.275;46.365;2278765
FR0000125486;08/08/14;45.76;47.18;45.565;46.78;2924736
FR0000125486;11/08/14;47.115;48.115;47.035;47.955;2848448
FR0000125486;12/08/14;47.92;47.92;47.165;47.32;1693871
FR0000125486;13/08/14;47.83;47.87;47.21;47.50;1496866
FR0000125486;14/08/14;47.425;47.815;47.10;47.37;1623400
FR0000125486;15/08/14;47.45;47.95;46.81;46.865;2366898
FR0000125486;18/08/14;47.595;47.835;47.28;47.405;1510799
FR0000125486;19/08/14;47.615;47.78;47.43;47.60;1341328
FR0000125486;20/08/14;47.485;47.71;47.14;47.60;930621
FR0000125486;21/08/14;47.60;48.49;47.365;48.48;1708565
FR0000125486;22/08/14;48.50;48.50;47.645;47.885;1322963
FR0000125486;25/08/14;48.495;48.855;48.03;48.855;1391512
FR0000125486;26/08/14;48.98;49.27;48.84;49.18;2119476
FR0000125486;27/08/14;49.035;49.365;48.76;49.265;1635466
FR0000125486;28/08/14;49.285;49.415;48.835;49.23;1689575
FR0000125486;29/08/14;49.50;49.835;49.235;49.75;2168609
FR0000125486;01/09/14;49.885;49.95;49.155;49.36;1193799
FR0000125486;02/09/14;49.45;49.50;48.91;49.03;1804966
FR0000125486;03/09/14;49.275;49.99;49.15;49.675;1839424
FR0000125486;04/09/14;49.15;49.18;48.32;48.79;3704295
FR0000125486;05/09/14;48.755;48.895;47.82;47.88;2950048
FR0000125486;08/09/14;48.00;48.05;47.45;47.58;2013059
FR0000125486;09/09/14;47.60;47.75;47.085;47.22;1455701
FR0000125486;10/09/14;47.085;47.17;46.875;47.03;1477930
FR0000125486;11/09/14;46.57;46.72;45.845;46.255;2268352
FR0000125486;12/09/14;46.31;46.35;45.61;45.87;1729267
FR0000125486;15/09/14;45.82;45.85;45.15;45.15;1747713
FR0000125486;16/09/14;45.12;45.14;44.785;45.04;1694214
FR0000125486;17/09/14;45.57;46.18;45.38;46.06;2092257
FR0000125486;18/09/14;46.22;46.65;45.71;46.195;2501802
FR0000125486;19/09/14;46.80;46.94;45.945;46.135;2617541
FR0000125486;22/09/14;46.13;46.67;45.87;46.435;1613148
FR0000125486;23/09/14;46.265;46.32;45.42;45.53;1903617
FR0000125486;24/09/14;45.50;46.47;45.22;46.37;2018539
FR0000125486;25/09/14;46.475;46.73;45.59;45.81;2067101
FR0000125486;26/09/14;46.005;46.62;45.865;46.39;1811608
FR0000125486;29/09/14;46.285;46.46;45.22;45.39;1781100
FR0000125486;30/09/14;45.395;46.265;45.20;46.005;2722187
FR0000125486;01/10/14;45.975;46.36;45.53;45.62;1399797
FR0000125486;02/10/14;45.51;45.96;44.725;44.725;2697710
FR0000125486;03/10/14;44.96;45.55;44.77;45.345;1750263
FR0000125486;06/10/14;45.70;45.85;45.16;45.30;1533201
FR0000125486;07/10/14;45.28;45.495;44.515;44.515;2482721
FR0000125486;08/10/14;44.50;44.565;43.295;43.45;2589701
FR0000125486;09/10/14;44.235;44.475;43.12;43.27;2693929
FR0000125486;10/10/14;43.005;43.13;42.03;42.085;3346525
FR0000125486;13/10/14;41.83;43.00;41.57;42.90;2510866
FR0000125486;14/10/14;42.40;43.735;42.26;43.645;2831230
FR0000125486;15/10/14;43.71;43.72;41.375;41.405;3234465
FR0000125486;16/10/14;41.64;42.535;39.975;42.32;4968012
FR0000125486;17/10/14;42.295;43.96;42.11;43.80;3910353
FR0000125486;20/10/14;43.77;44.31;43.465;44.025;2685054
FR0000125486;21/10/14;43.70;44.70;43.56;44.685;2449357
FR0000125486;22/10/14;44.705;44.97;44.46;44.62;2036062
FR0000125486;23/10/14;44.345;44.965;43.965;44.785;1768132
FR0000125486;24/10/14;44.335;44.455;43.845;44.085;2857475
FR0000125486;27/10/14;44.68;44.685;42.935;43.525;2370533
FR0000125486;28/10/14;44.035;44.40;43.71;43.715;2603308
FR0000125486;29/10/14;44.00;44.145;43.565;43.62;1629947
FR0000125486;30/10/14;43.935;44.065;43.14;43.92;2398579
FR0000125486;31/10/14;44.57;45.585;44.20;45.475;2646666
FR0000125486;03/11/14;45.58;46.28;45.565;45.685;2327601
FR0000125486;04/11/14;45.69;46.18;44.80;44.975;1966055
FR0000125486;05/11/14;45.495;46.15;45.205;45.79;1824472
FR0000125486;06/11/14;45.765;46.795;45.51;46.23;2163435
FR0000125486;07/11/14;46.305;46.47;45.555;45.865;1572878
FR0000125486;10/11/14;45.795;46.32;45.51;46.305;1405922
FR0000125486;11/11/14;45.795;45.815;45.48;45.55;1783970
FR0000125486;12/11/14;45.505;45.64;44.66;44.76;1934251
FR0000125486;13/11/14;45.09;45.14;43.38;43.65;2481760
FR0000125486;14/11/14;43.91;43.91;43.005;43.385;2000339
FR0000125486;17/11/14;42.85;43.77;42.76;43.735;1781921
FR0000125486;18/11/14;43.65;44.17;43.525;44.08;1902566
FR0000125486;19/11/14;44.20;44.36;43.805;44.31;1157272
FR0000125486;20/11/14;44.305;44.36;43.545;43.70;1755758
FR0000125486;21/11/14;43.865;44.00;43.665;43.70;4034644
FR0000125486;24/11/14;43.805;44.10;43.575;43.70;1916724
FR0000125486;25/11/14;43.84;43.955;43.395;43.695;2694455
FR0000125486;26/11/14;43.80;44.00;43.455;43.50;1654755
FR0000125486;27/11/14;43.635;43.815;43.375;43.70;1741555
FR0000125486;28/11/14;43.84;43.90;43.13;43.475;1461410
FR0000125486;01/12/14;43.225;43.71;43.155;43.585;1317687
FR0000125486;02/12/14;43.835;44.265;43.605;43.70;2767283
FR0000125486;03/12/14;43.805;43.965;43.67;43.725;1861787
FR0000125486;04/12/14;43.90;44.29;42.715;43.12;2111338
FR0000125486;05/12/14;43.49;45.395;43.295;45.33;2911295
FR0000125486;08/12/14;45.00;45.00;44.36;44.555;1724357
FR0000125486;09/12/14;43.98;44.33;43.26;43.26;2385755
FR0000125486;10/12/14;43.525;45.28;43.335;44.435;3394575
FR0000125486;11/12/14;44.35;44.595;43.98;44.24;1385567
FR0000125486;12/12/14;44.005;44.045;42.44;42.495;2236414
FR0000125486;15/12/14;42.355;42.99;41.235;41.25;2205921
FR0000125486;16/12/14;41.265;42.12;39.645;42.10;4339626
FR0000125486;17/12/14;41.755;43.44;41.64;43.135;2843325
FR0000125486;18/12/14;44.015;45.875;44.015;45.725;3858994
FR0000125486;19/12/14;46.005;46.31;45.015;45.41;5434121
FR0000125486;22/12/14;45.61;46.13;45.075;45.465;1344937
FR0000125486;23/12/14;45.50;46.39;45.48;46.39;1012735
FR0000125486;24/12/14;46.35;46.40;45.975;45.985;214881
FR0000125486;29/12/14;45.90;46.165;45.47;46.165;889411
FR0000125486;30/12/14;45.98;46.23;45.26;45.26;740284
FR0000125486;31/12/14;45.68;45.78;45.37;45.51;217604
FR0000125486;02/01/15;45.935;46.295;44.86;45.425;1233321
FR0000125486;05/01/15;44.965;45.32;43.825;43.88;2148890
FR0000125486;06/01/15;44.22;44.23;43.40;43.40;1592656
FR0000125486;07/01/15;43.72;46.02;43.70;45.00;3550013
FR0000125486;08/01/15;45.685;46.74;45.27;46.575;2107098
FR0000125486;09/01/15;46.53;47.385;46.28;46.565;2024266
FR0000125486;12/01/15;46.665;47.995;46.605;47.635;2374354
FR0000125486;13/01/15;47.445;48.46;47.13;48.27;2159508
FR0000125486;14/01/15;47.32;48.515;46.985;47.465;2467135
FR0000125486;15/01/15;47.87;48.56;45.425;48.20;2766378
FR0000125486;16/01/15;47.835;48.125;47.025;47.795;2961228
FR0000125486;19/01/15;47.785;48.545;47.455;48.47;2167735
FR0000125486;20/01/15;48.60;48.785;47.91;48.18;2430626
FR0000125486;21/01/15;48.15;48.84;47.625;48.825;2338050
FR0000125486;22/01/15;48.815;49.00;48.22;48.73;3335957
FR0000125486;23/01/15;49.00;49.80;48.495;49.29;3126326
FR0000125486;26/01/15;48.88;49.68;48.52;49.525;1894892
FR0000125486;27/01/15;49.38;49.52;47.02;47.775;3896776
FR0000125486;28/01/15;47.99;48.07;46.385;46.99;3138689
FR0000125486;29/01/15;46.645;47.445;46.45;47.345;1793592
FR0000125486;30/01/15;47.48;47.50;46.635;46.84;2574462
FR0000125486;02/02/15;46.92;47.44;46.545;47.305;1609152
FR0000125486;03/02/15;47.745;48.48;47.55;48.20;2257352
FR0000125486;04/02/15;48.14;48.395;47.745;48.325;1582767
FR0000125486;05/02/15;47.70;49.90;47.51;49.62;3878810
FR0000125486;06/02/15;49.57;49.625;49.10;49.405;2148076
FR0000125486;09/02/15;49.10;50.77;49.05;50.48;3993896
FR0000125486;10/02/15;50.84;51.97;50.65;51.34;2960358
FR0000125486;11/02/15;51.09;51.40;50.43;51.15;1745167
FR0000125486;12/02/15;50.80;51.95;50.68;51.41;2503401
FR0000125486;13/02/15;51.89;52.26;51.45;51.71;2577171
FR0000125486;16/02/15;51.56;53.01;51.50;52.74;2753536
FR0000125486;17/02/15;52.24;52.88;51.52;52.49;1868834
FR0000125486;18/02/15;52.79;52.80;52.12;52.48;1430768
FR0000125486;19/02/15;52.32;52.98;51.89;52.68;1270807
FR0000125486;20/02/15;52.60;53.00;52.07;52.72;2025969
FR0000125486;23/02/15;53.00;53.19;52.74;52.82;1367898
FR0000125486;24/02/15;52.92;53.32;52.37;53.16;1400585
FR0000125486;25/02/15;53.03;53.34;52.43;52.89;1336171
FR0000125486;26/02/15;52.66;53.59;52.33;53.47;1643514
FR0000125486;27/02/15;53.28;53.32;52.37;53.02;2893378
FR0000125486;02/03/15;52.81;53.39;52.64;53.05;1456261
FR0000125486;03/03/15;52.95;53.06;51.82;52.04;1870161
FR0000125486;04/03/15;52.03;52.84;51.89;52.74;1580862
FR0000125486;05/03/15;53.00;53.83;52.61;53.65;1918116
FR0000125486;06/03/15;53.76;54.71;53.74;54.15;2033498
