258
FR0000121667;03/03/14;74.42;74.64;73.01;73.07;1000777
FR0000121667;04/03/14;73.43;74.16;73.18;73.85;897035
FR0000121667;05/03/14;73.59;73.78;72.75;73.18;679204
FR0000121667;06/03/14;73.14;74.28;72.61;73.71;645543
FR0000121667;07/03/14;73.80;74.30;73.11;73.24;550644
FR0000121667;10/03/14;73.13;73.85;73.04;73.24;496010
FR0000121667;11/03/14;73.43;73.58;72.95;73.07;451783
FR0000121667;12/03/14;72.83;73.26;71.64;71.85;770072
FR0000121667;13/03/14;72.51;73.05;71.34;71.34;598376
FR0000121667;14/03/14;71.00;71.32;70.51;71.11;805237
FR0000121667;17/03/14;71.10;71.67;70.92;71.58;476011
FR0000121667;18/03/14;71.60;72.57;71.35;72.35;500086
FR0000121667;19/03/14;72.13;73.09;71.55;72.93;507853
FR0000121667;20/03/14;72.30;73.98;71.75;73.85;1009964
FR0000121667;21/03/14;73.96;74.74;73.84;73.90;746250
FR0000121667;24/03/14;73.58;73.80;72.50;72.76;537324
FR0000121667;25/03/14;72.80;73.18;72.45;72.77;709318
FR0000121667;26/03/14;72.85;73.23;72.68;72.95;580242
FR0000121667;27/03/14;72.67;73.30;72.67;73.23;509887
FR0000121667;28/03/14;73.53;74.10;73.28;74.05;444266
FR0000121667;31/03/14;74.47;74.60;73.20;73.20;529596
FR0000121667;01/04/14;73.48;73.80;72.85;73.42;509168
FR0000121667;02/04/14;73.57;73.79;73.20;73.60;428029
FR0000121667;03/04/14;73.73;73.92;73.12;73.63;508659
FR0000121667;04/04/14;73.89;74.32;73.54;74.00;561795
FR0000121667;07/04/14;73.56;74.04;73.30;73.80;421058
FR0000121667;08/04/14;73.96;74.09;73.78;74.01;686295
FR0000121667;09/04/14;74.00;74.23;73.69;73.90;362001
FR0000121667;10/04/14;73.90;74.24;73.01;73.16;438174
FR0000121667;11/04/14;72.90;73.00;71.47;72.15;623416
FR0000121667;14/04/14;71.76;72.69;71.52;72.60;466806
FR0000121667;15/04/14;72.51;73.01;72.09;72.09;520662
FR0000121667;16/04/14;72.51;72.89;71.56;72.34;626592
FR0000121667;17/04/14;72.55;72.73;71.62;72.11;531344
FR0000121667;22/04/14;72.66;73.83;72.37;73.83;661430
FR0000121667;23/04/14;73.55;74.67;73.53;74.37;573149
FR0000121667;24/04/14;74.52;74.92;74.24;74.68;386677
FR0000121667;25/04/14;74.31;75.42;74.10;75.22;673233
FR0000121667;28/04/14;75.31;76.20;75.31;76.20;518701
FR0000121667;29/04/14;79.77;80.69;77.16;77.37;1117111
FR0000121667;30/04/14;76.29;77.44;75.81;77.09;898972
FR0000121667;02/05/14;77.26;77.60;76.22;76.45;449300
FR0000121667;05/05/14;76.49;76.63;75.30;76.42;368416
FR0000121667;06/05/14;76.24;76.55;75.75;75.94;375920
FR0000121667;07/05/14;75.94;77.68;75.78;77.37;560326
FR0000121667;08/05/14;77.31;78.67;77.31;78.42;750098
FR0000121667;09/05/14;77.98;78.73;77.91;78.32;415325
FR0000121667;12/05/14;78.29;79.39;78.26;79.35;403711
FR0000121667;13/05/14;79.57;79.68;78.50;78.98;561416
FR0000121667;14/05/14;79.00;79.58;78.88;79.43;411979
FR0000121667;15/05/14;79.40;79.64;77.97;78.02;639712
FR0000121667;16/05/14;78.10;78.42;77.26;78.31;612520
FR0000121667;19/05/14;77.97;78.67;77.67;78.33;400386
FR0000121667;20/05/14;78.44;78.49;77.70;77.79;310112
FR0000121667;21/05/14;77.82;78.17;77.03;78.00;327408
FR0000121667;22/05/14;76.83;77.35;76.65;76.70;393037
FR0000121667;23/05/14;76.80;77.00;76.07;76.80;398931
FR0000121667;26/05/14;77.05;77.50;76.63;77.41;183274
FR0000121667;27/05/14;77.28;77.76;77.11;77.56;349439
FR0000121667;28/05/14;77.52;77.63;76.91;77.43;425524
FR0000121667;29/05/14;77.27;77.95;77.22;77.84;167569
FR0000121667;30/05/14;77.90;77.90;76.67;77.06;554980
FR0000121667;02/06/14;77.33;77.34;76.52;77.09;273031
FR0000121667;03/06/14;77.20;77.20;76.51;76.63;258354
FR0000121667;04/06/14;76.68;76.75;76.11;76.40;325387
FR0000121667;05/06/14;76.60;77.54;76.27;76.89;491147
FR0000121667;06/06/14;76.87;76.96;76.42;76.43;449348
FR0000121667;09/06/14;76.55;76.79;76.21;76.70;228684
FR0000121667;10/06/14;76.84;77.43;76.83;77.27;496956
FR0000121667;11/06/14;77.47;78.70;77.44;78.04;537294
FR0000121667;12/06/14;78.52;78.58;77.86;77.86;480728
FR0000121667;13/06/14;77.80;78.05;77.42;77.89;339100
FR0000121667;16/06/14;77.55;78.27;77.41;77.77;626521
FR0000121667;17/06/14;78.20;79.83;78.04;79.83;745247
FR0000121667;18/06/14;80.00;80.12;78.98;79.06;576139
FR0000121667;19/06/14;79.84;80.02;79.35;79.41;651707
FR0000121667;20/06/14;79.17;80.00;78.95;79.01;1142845
FR0000121667;23/06/14;79.41;80.09;78.33;79.84;627414
FR0000121667;24/06/14;80.13;80.90;80.00;80.43;659157
FR0000121667;25/06/14;80.23;80.34;78.19;78.21;699082
FR0000121667;26/06/14;78.34;79.06;77.81;78.53;727597
FR0000121667;27/06/14;78.53;78.67;77.59;77.87;513928
FR0000121667;30/06/14;78.00;78.27;77.42;77.45;445012
FR0000121667;01/07/14;77.27;78.10;77.00;78.07;525960
FR0000121667;02/07/14;78.10;78.17;77.06;77.27;416118
FR0000121667;03/07/14;77.19;77.87;76.90;77.63;531055
FR0000121667;04/07/14;77.73;77.73;77.11;77.24;258545
FR0000121667;07/07/14;77.20;77.21;75.76;75.81;373978
FR0000121667;08/07/14;76.08;76.64;75.35;75.66;551475
FR0000121667;09/07/14;75.98;76.02;75.37;75.91;448798
FR0000121667;10/07/14;75.75;75.77;74.44;74.58;504320
FR0000121667;11/07/14;74.69;74.76;73.33;73.76;483537
FR0000121667;14/07/14;73.96;73.96;72.94;73.45;607479
FR0000121667;15/07/14;73.25;73.79;72.44;72.66;673471
FR0000121667;16/07/14;73.05;74.98;73.04;74.60;693190
FR0000121667;17/07/14;74.29;74.51;73.41;73.74;716754
FR0000121667;18/07/14;73.36;74.52;73.26;74.47;503429
FR0000121667;21/07/14;74.45;74.51;73.50;74.01;550692
FR0000121667;22/07/14;74.19;74.94;73.86;74.56;458303
FR0000121667;23/07/14;74.22;74.79;73.85;73.97;328479
FR0000121667;24/07/14;73.83;74.57;73.56;74.24;405988
FR0000121667;25/07/14;74.01;74.64;73.29;73.47;459483
FR0000121667;28/07/14;73.71;73.85;72.96;73.57;405874
FR0000121667;29/07/14;73.65;74.33;73.47;73.78;364174
FR0000121667;30/07/14;73.78;74.95;73.53;74.10;377153
FR0000121667;31/07/14;74.18;74.67;72.55;72.97;687242
FR0000121667;01/08/14;73.09;73.15;72.04;72.40;514738
FR0000121667;04/08/14;72.52;72.70;71.74;71.88;493117
FR0000121667;05/08/14;72.20;73.58;71.87;73.38;407372
FR0000121667;06/08/14;72.99;73.66;72.65;73.47;467630
FR0000121667;07/08/14;73.50;73.52;71.69;71.73;604425
FR0000121667;08/08/14;71.50;72.06;71.16;71.50;704052
FR0000121667;11/08/14;71.88;72.45;71.37;72.12;400717
FR0000121667;12/08/14;71.84;72.00;71.34;71.49;425674
FR0000121667;13/08/14;71.87;72.35;71.56;72.25;457027
FR0000121667;14/08/14;72.30;72.80;71.70;72.55;466206
FR0000121667;15/08/14;72.57;73.36;71.84;72.29;662086
FR0000121667;18/08/14;73.03;73.84;72.88;73.82;354078
FR0000121667;19/08/14;73.86;74.14;73.48;73.94;335805
FR0000121667;20/08/14;73.85;74.50;73.80;74.45;522971
FR0000121667;21/08/14;74.50;75.47;74.45;74.92;506875
FR0000121667;22/08/14;74.83;75.03;74.09;74.41;505845
FR0000121667;25/08/14;75.09;76.72;75.09;76.63;460453
FR0000121667;26/08/14;76.32;76.90;75.95;76.61;496245
FR0000121667;27/08/14;76.41;76.90;75.85;76.24;465278
FR0000121667;28/08/14;79.30;81.00;78.58;79.48;1277055
FR0000121667;29/08/14;79.80;80.72;79.51;80.72;855134
FR0000121667;01/09/14;80.75;81.97;80.60;81.91;729178
FR0000121667;02/09/14;81.79;82.09;81.00;81.10;672824
FR0000121667;03/09/14;81.53;82.04;80.97;80.99;654209
FR0000121667;04/09/14;80.87;83.12;80.72;82.99;980362
FR0000121667;05/09/14;83.00;83.22;82.46;83.09;537378
FR0000121667;08/09/14;83.08;84.17;82.94;83.97;602916
FR0000121667;09/09/14;83.63;83.83;82.74;82.91;511683
FR0000121667;10/09/14;82.68;82.95;81.86;82.14;507738
FR0000121667;11/09/14;82.25;83.71;82.02;83.71;698344
FR0000121667;12/09/14;83.80;84.08;83.36;84.01;447700
FR0000121667;15/09/14;83.53;85.05;83.43;85.00;675754
FR0000121667;16/09/14;84.59;84.82;83.89;84.58;626655
FR0000121667;17/09/14;84.94;85.03;84.60;84.76;689037
FR0000121667;18/09/14;84.89;86.50;84.53;86.26;731270
FR0000121667;19/09/14;86.72;87.30;86.51;87.27;1281323
FR0000121667;22/09/14;86.98;87.89;86.76;87.46;588857
FR0000121667;23/09/14;87.35;87.66;86.40;86.72;691997
FR0000121667;24/09/14;86.80;87.90;86.60;87.48;674948
FR0000121667;25/09/14;87.27;87.50;86.27;86.55;699180
FR0000121667;26/09/14;86.60;86.98;85.45;85.99;662587
FR0000121667;29/09/14;85.93;86.34;84.58;85.40;562675
FR0000121667;30/09/14;85.84;87.36;85.65;86.94;740484
FR0000121667;01/10/14;86.57;86.79;86.02;86.35;417536
FR0000121667;02/10/14;86.20;86.63;84.71;84.71;840204
FR0000121667;03/10/14;84.86;85.31;84.32;85.09;547524
FR0000121667;06/10/14;85.53;85.91;85.16;85.38;622712
FR0000121667;07/10/14;85.18;85.23;83.51;83.58;888795
FR0000121667;08/10/14;83.17;84.05;83.07;83.75;635603
FR0000121667;09/10/14;84.83;85.33;84.12;84.46;670736
FR0000121667;10/10/14;83.95;84.43;82.85;83.35;646049
FR0000121667;13/10/14;82.50;83.10;81.46;81.98;886594
FR0000121667;14/10/14;81.50;81.63;80.66;81.22;926272
FR0000121667;15/10/14;81.00;81.06;78.26;79.28;1528025
FR0000121667;16/10/14;79.50;80.41;76.65;79.01;1954492
FR0000121667;17/10/14;79.02;82.58;78.84;82.47;1682126
FR0000121667;20/10/14;82.17;82.96;80.44;80.87;843122
FR0000121667;21/10/14;80.75;82.50;80.73;82.43;696054
FR0000121667;22/10/14;82.35;83.07;82.09;82.97;569190
FR0000121667;23/10/14;82.95;84.70;82.33;84.51;702888
FR0000121667;24/10/14;84.46;85.01;83.67;84.10;615926
FR0000121667;27/10/14;84.65;85.16;83.95;84.42;586020
FR0000121667;28/10/14;85.01;86.15;84.99;85.91;665018
FR0000121667;29/10/14;86.23;86.76;85.71;85.89;448333
FR0000121667;30/10/14;86.69;86.70;84.41;86.45;586457
FR0000121667;31/10/14;87.26;88.55;87.26;88.10;851007
FR0000121667;03/11/14;88.18;89.05;86.79;87.01;654277
FR0000121667;04/11/14;87.20;87.90;86.14;86.28;591333
FR0000121667;05/11/14;86.89;87.95;86.76;87.79;567571
FR0000121667;06/11/14;87.52;88.36;86.11;87.78;654482
FR0000121667;07/11/14;88.08;88.09;85.75;85.96;566028
FR0000121667;10/11/14;86.02;87.46;86.02;87.40;435563
FR0000121667;11/11/14;87.66;88.54;87.43;88.19;413092
FR0000121667;12/11/14;88.16;88.20;87.06;87.24;398463
FR0000121667;13/11/14;87.74;88.03;86.38;86.95;422822
FR0000121667;14/11/14;87.40;87.91;86.01;86.25;499488
FR0000121667;17/11/14;85.60;86.83;85.29;86.69;481625
FR0000121667;18/11/14;86.66;87.39;86.37;87.06;372243
FR0000121667;19/11/14;87.31;87.90;87.06;87.52;476733
FR0000121667;20/11/14;87.55;87.58;86.27;87.05;395754
FR0000121667;21/11/14;87.51;88.77;86.63;88.31;902200
FR0000121667;24/11/14;88.47;89.58;88.38;88.90;524111
FR0000121667;25/11/14;88.97;89.57;88.64;88.80;617541
FR0000121667;26/11/14;88.79;89.10;87.22;87.38;454177
FR0000121667;27/11/14;87.38;89.51;87.38;89.36;502761
FR0000121667;28/11/14;89.40;90.36;89.28;90.30;577099
FR0000121667;01/12/14;89.84;91.00;89.52;90.07;450699
FR0000121667;02/12/14;90.50;90.84;89.42;89.88;428996
FR0000121667;03/12/14;89.51;90.66;89.50;90.51;461767
FR0000121667;04/12/14;90.64;92.41;90.40;90.61;1007699
FR0000121667;05/12/14;91.40;92.60;91.21;92.56;608941
FR0000121667;08/12/14;92.54;93.26;92.12;92.53;466993
FR0000121667;09/12/14;91.56;92.23;89.57;89.57;690089
FR0000121667;10/12/14;89.90;90.92;89.02;89.34;362075
FR0000121667;11/12/14;89.00;89.99;88.28;89.25;430547
FR0000121667;12/12/14;88.69;89.08;86.58;86.61;603186
FR0000121667;15/12/14;87.08;87.48;84.11;84.11;756403
FR0000121667;16/12/14;84.35;86.96;82.75;86.96;1156653
FR0000121667;17/12/14;86.36;87.53;85.50;87.08;837052
FR0000121667;18/12/14;87.50;90.53;87.22;90.53;991090
FR0000121667;19/12/14;91.18;92.19;89.72;90.80;947004
FR0000121667;22/12/14;90.90;92.56;90.70;91.05;456056
FR0000121667;23/12/14;91.20;92.49;90.95;92.07;401794
FR0000121667;24/12/14;92.50;92.55;91.30;91.35;52701
FR0000121667;29/12/14;91.79;92.53;90.93;92.00;332377
FR0000121667;30/12/14;91.59;91.85;90.75;90.75;256626
FR0000121667;31/12/14;91.47;92.82;90.82;92.68;141004
FR0000121667;02/01/15;93.00;93.27;90.81;91.00;356432
FR0000121667;05/01/15;90.69;93.53;89.77;89.85;827776
FR0000121667;06/01/15;90.51;90.63;88.72;88.72;547662
FR0000121667;07/01/15;89.30;90.80;88.87;90.00;508947
FR0000121667;08/01/15;91.32;93.50;90.74;93.37;642164
FR0000121667;09/01/15;93.11;93.97;91.07;91.45;562995
FR0000121667;12/01/15;91.94;94.25;91.89;93.71;473412
FR0000121667;13/01/15;93.19;94.95;93.11;94.40;455391
FR0000121667;14/01/15;93.06;94.70;92.47;93.41;571268
FR0000121667;15/01/15;94.16;97.90;93.32;96.97;1352135
FR0000121667;16/01/15;96.44;97.97;95.52;97.64;639353
FR0000121667;19/01/15;97.78;98.60;97.37;97.68;446924
FR0000121667;20/01/15;97.76;99.30;97.42;98.60;596623
FR0000121667;21/01/15;98.64;99.40;98.19;99.36;801069
FR0000121667;22/01/15;99.07;99.26;96.32;96.78;1147474
FR0000121667;23/01/15;97.40;99.34;96.80;99.34;1042955
FR0000121667;26/01/15;99.00;100.50;98.43;99.12;736212
FR0000121667;27/01/15;98.41;99.10;97.28;97.94;785481
FR0000121667;28/01/15;98.72;100.10;96.74;98.34;718285
FR0000121667;29/01/15;97.94;99.71;97.89;99.12;533170
FR0000121667;30/01/15;99.31;100.15;98.38;99.07;579710
FR0000121667;02/02/15;99.51;99.98;96.71;97.56;653806
FR0000121667;03/02/15;97.92;98.35;97.20;97.20;618160
FR0000121667;04/02/15;96.93;96.96;94.67;96.48;1032169
FR0000121667;05/02/15;95.52;96.54;95.38;96.20;544744
FR0000121667;06/02/15;96.45;96.50;94.33;95.97;747374
FR0000121667;09/02/15;95.46;95.59;93.87;95.10;601254
FR0000121667;10/02/15;95.02;96.02;94.38;95.77;561202
FR0000121667;11/02/15;95.65;95.85;94.67;95.15;379424
FR0000121667;12/02/15;95.30;96.52;95.03;96.20;572117
FR0000121667;13/02/15;96.84;96.93;95.77;96.16;625027
FR0000121667;16/02/15;96.34;96.66;95.40;95.40;422752
FR0000121667;17/02/15;95.39;95.39;94.13;95.07;546798
FR0000121667;18/02/15;95.75;96.33;95.33;96.33;627720
FR0000121667;19/02/15;96.95;101.00;96.85;100.50;736328
FR0000121667;20/02/15;99.07;100.55;98.52;99.31;1129145
FR0000121667;23/02/15;100.15;101.80;100.15;101.50;557688
FR0000121667;24/02/15;101.80;103.25;101.50;102.65;516867
FR0000121667;25/02/15;102.75;103.55;101.85;102.70;455876
FR0000121667;26/02/15;102.90;103.90;102.25;103.65;541577
FR0000121667;27/02/15;103.30;104.45;103.15;104.45;493763
FR0000121667;02/03/15;104.40;104.90;103.70;104.50;495071
FR0000121667;03/03/15;104.70;105.05;102.85;102.85;415820
FR0000121667;04/03/15;102.80;104.35;102.15;104.35;430096
FR0000121667;05/03/15;104.50;107.20;104.20;106.80;596237
FR0000121667;06/03/15;106.30;106.90;105.15;105.20;523656
