258
FR0010307819;03/03/14;44.35;44.55;43.94;43.995;794948
FR0010307819;04/03/14;44.30;44.87;44.18;44.54;777338
FR0010307819;05/03/14;44.485;44.565;44.03;44.235;1016757
FR0010307819;06/03/14;43.77;44.415;43.66;44.10;815274
FR0010307819;07/03/14;44.005;44.19;43.55;43.99;708589
FR0010307819;10/03/14;43.535;43.855;43.145;43.75;767628
FR0010307819;11/03/14;43.51;43.875;43.445;43.63;586599
FR0010307819;12/03/14;43.40;43.55;43.025;43.475;741599
FR0010307819;13/03/14;43.425;43.90;43.25;43.585;932104
FR0010307819;14/03/14;43.31;43.52;43.04;43.335;1091892
FR0010307819;17/03/14;43.185;43.95;43.17;43.86;722964
FR0010307819;18/03/14;43.64;44.265;43.54;43.99;842214
FR0010307819;19/03/14;43.935;44.40;43.63;44.325;642887
FR0010307819;20/03/14;43.99;44.415;43.83;44.405;669655
FR0010307819;21/03/14;44.415;44.49;44.205;44.385;1125949
FR0010307819;24/03/14;44.30;44.355;43.80;44.00;635273
FR0010307819;25/03/14;44.00;44.76;44.00;44.69;439917
FR0010307819;26/03/14;44.73;45.50;44.73;45.50;672638
FR0010307819;27/03/14;45.25;45.655;45.015;45.38;575261
FR0010307819;28/03/14;45.57;45.80;44.915;45.03;845747
FR0010307819;31/03/14;45.10;45.39;44.955;45.095;570243
FR0010307819;01/04/14;45.265;45.45;44.96;45.16;439834
FR0010307819;02/04/14;45.26;45.60;45.15;45.58;330553
FR0010307819;03/04/14;45.39;45.83;45.39;45.655;410037
FR0010307819;04/04/14;45.54;46.08;45.54;46.08;543372
FR0010307819;07/04/14;45.72;46.14;45.495;45.52;482687
FR0010307819;08/04/14;45.50;45.67;44.54;44.81;875950
FR0010307819;09/04/14;44.795;45.40;44.795;45.22;677576
FR0010307819;10/04/14;45.285;45.755;45.285;45.53;569599
FR0010307819;11/04/14;45.08;45.15;44.43;44.81;576537
FR0010307819;14/04/14;44.60;44.975;44.20;44.585;525460
FR0010307819;15/04/14;44.50;45.015;44.355;44.705;462429
FR0010307819;16/04/14;44.95;45.255;44.795;45.045;496937
FR0010307819;17/04/14;45.11;45.655;45.015;45.49;426521
FR0010307819;22/04/14;45.475;46.265;45.355;46.225;428588
FR0010307819;23/04/14;46.275;46.28;45.85;45.985;279973
FR0010307819;24/04/14;46.25;46.97;46.16;46.825;634926
FR0010307819;25/04/14;46.82;46.945;46.50;46.80;492397
FR0010307819;28/04/14;46.88;47.065;46.38;46.585;376424
FR0010307819;29/04/14;46.57;46.845;46.515;46.745;429621
FR0010307819;30/04/14;46.73;47.00;46.315;46.50;545701
FR0010307819;02/05/14;46.54;46.66;46.16;46.36;460468
FR0010307819;05/05/14;46.30;46.48;45.825;46.42;372309
FR0010307819;06/05/14;46.70;46.705;45.825;45.895;429815
FR0010307819;07/05/14;45.80;46.41;45.325;46.05;581946
FR0010307819;08/05/14;46.30;46.69;46.01;46.54;570601
FR0010307819;09/05/14;46.385;46.955;46.30;46.62;478370
FR0010307819;12/05/14;46.83;46.985;46.585;46.775;479556
FR0010307819;13/05/14;46.825;47.035;46.60;46.975;527421
FR0010307819;14/05/14;47.00;47.75;46.755;47.645;664054
FR0010307819;15/05/14;47.555;47.70;46.70;46.70;667340
FR0010307819;16/05/14;46.705;46.755;46.165;46.405;650090
FR0010307819;19/05/14;46.175;47.065;46.00;46.965;487903
FR0010307819;20/05/14;47.00;47.25;46.665;46.955;479493
FR0010307819;21/05/14;46.88;47.23;46.60;46.96;473970
FR0010307819;22/05/14;47.085;47.39;46.89;47.365;371938
FR0010307819;23/05/14;47.05;47.14;45.94;46.295;1011563
FR0010307819;26/05/14;46.35;46.995;46.275;46.75;398444
FR0010307819;27/05/14;46.805;47.345;46.645;47.12;505514
FR0010307819;28/05/14;47.00;47.71;46.905;47.205;530994
FR0010307819;29/05/14;46.365;46.51;46.00;46.28;357195
FR0010307819;30/05/14;46.275;46.625;46.04;46.435;570355
FR0010307819;02/06/14;46.675;46.79;46.335;46.595;267610
FR0010307819;03/06/14;46.63;46.875;46.50;46.625;433887
FR0010307819;04/06/14;46.65;46.89;46.385;46.675;447349
FR0010307819;05/06/14;46.595;47.22;46.465;47.095;516618
FR0010307819;06/06/14;47.155;47.175;46.77;46.995;492557
FR0010307819;09/06/14;46.945;47.175;46.88;47.035;241756
FR0010307819;10/06/14;46.49;46.695;45.97;46.155;851343
FR0010307819;11/06/14;46.125;46.195;45.435;45.665;868350
FR0010307819;12/06/14;45.50;45.595;45.15;45.415;806246
FR0010307819;13/06/14;45.18;45.30;44.855;45.15;661472
FR0010307819;16/06/14;45.015;45.44;45.00;45.195;577588
FR0010307819;17/06/14;45.20;45.775;45.12;45.615;433118
FR0010307819;18/06/14;45.59;45.72;45.42;45.625;390764
FR0010307819;19/06/14;45.80;46.155;45.795;45.975;340019
FR0010307819;20/06/14;45.88;46.18;45.805;45.805;703790
FR0010307819;23/06/14;45.87;45.87;44.82;44.86;636002
FR0010307819;24/06/14;45.00;45.10;44.595;44.595;534773
FR0010307819;25/06/14;44.495;44.495;43.70;43.85;698178
FR0010307819;26/06/14;43.925;44.065;43.79;44.065;606907
FR0010307819;27/06/14;44.08;45.015;44.08;44.955;931483
FR0010307819;30/06/14;45.00;45.20;44.63;44.685;622061
FR0010307819;01/07/14;44.74;44.91;44.41;44.89;446164
FR0010307819;02/07/14;44.84;44.985;44.60;44.76;428502
FR0010307819;03/07/14;44.79;45.415;44.735;45.415;529471
FR0010307819;04/07/14;45.31;45.97;45.26;45.71;370490
FR0010307819;07/07/14;45.53;45.765;44.895;44.95;494938
FR0010307819;08/07/14;45.005;45.075;43.91;43.97;510118
FR0010307819;09/07/14;44.00;44.045;43.54;43.93;364127
FR0010307819;10/07/14;43.85;43.935;42.84;43.17;574920
FR0010307819;11/07/14;43.20;43.52;42.885;43.245;455005
FR0010307819;14/07/14;43.35;43.50;43.075;43.16;334252
FR0010307819;15/07/14;43.055;43.39;42.95;43.10;457775
FR0010307819;16/07/14;43.275;43.87;43.26;43.805;421205
FR0010307819;17/07/14;43.555;43.84;43.16;43.505;441257
FR0010307819;18/07/14;43.31;43.68;43.10;43.625;391811
FR0010307819;21/07/14;43.59;43.70;42.85;42.97;628102
FR0010307819;22/07/14;43.22;43.795;43.085;43.785;498004
FR0010307819;23/07/14;43.69;44.045;43.545;43.82;438382
FR0010307819;24/07/14;43.875;44.635;43.565;44.58;584078
FR0010307819;25/07/14;44.425;44.535;43.55;43.71;491399
FR0010307819;28/07/14;43.755;44.035;43.685;44.00;337939
FR0010307819;29/07/14;44.03;44.545;43.90;44.16;338281
FR0010307819;30/07/14;44.00;44.02;43.055;43.425;706699
FR0010307819;31/07/14;43.25;43.275;41.115;41.405;1200838
FR0010307819;01/08/14;41.465;41.52;40.51;40.795;872586
FR0010307819;04/08/14;40.80;40.80;40.335;40.515;611959
FR0010307819;05/08/14;40.555;41.34;40.41;41.21;699343
FR0010307819;06/08/14;41.00;41.065;40.25;40.44;975632
FR0010307819;07/08/14;40.52;40.755;40.175;40.195;693480
FR0010307819;08/08/14;39.99;40.19;39.34;39.535;1098237
FR0010307819;11/08/14;39.86;40.85;39.75;40.78;783661
FR0010307819;12/08/14;41.165;41.56;40.845;41.455;1166717
FR0010307819;13/08/14;41.565;41.60;41.19;41.45;378834
FR0010307819;14/08/14;41.28;41.875;41.28;41.445;420461
FR0010307819;15/08/14;41.53;42.04;41.22;41.295;750079
FR0010307819;18/08/14;41.70;41.95;41.70;41.845;282125
FR0010307819;19/08/14;41.94;42.26;41.89;42.035;337265
FR0010307819;20/08/14;42.075;42.105;41.60;41.93;380846
FR0010307819;21/08/14;42.285;42.30;41.805;42.045;634084
FR0010307819;22/08/14;42.10;42.12;41.565;41.69;327602
FR0010307819;25/08/14;42.10;42.49;42.00;42.48;245732
FR0010307819;26/08/14;42.33;42.575;42.25;42.445;279860
FR0010307819;27/08/14;42.315;42.53;42.22;42.47;600212
FR0010307819;28/08/14;42.305;42.32;41.76;41.885;345290
FR0010307819;29/08/14;42.05;42.125;41.24;42.07;713212
FR0010307819;01/09/14;42.00;42.20;41.81;42.09;375143
FR0010307819;02/09/14;42.55;44.135;42.42;43.645;1510456
FR0010307819;03/09/14;43.84;44.235;43.53;43.62;466233
FR0010307819;04/09/14;43.40;44.375;43.185;44.375;653841
FR0010307819;05/09/14;44.47;44.47;44.02;44.37;365991
FR0010307819;08/09/14;44.30;44.355;44.015;44.15;371401
FR0010307819;09/09/14;44.07;44.355;43.845;43.865;373365
FR0010307819;10/09/14;43.59;43.625;43.275;43.415;511327
FR0010307819;11/09/14;43.50;43.88;43.355;43.74;406509
FR0010307819;12/09/14;43.765;44.23;43.51;44.065;533099
FR0010307819;15/09/14;43.905;44.41;43.61;44.04;388755
FR0010307819;16/09/14;44.00;44.00;43.31;43.55;426706
FR0010307819;17/09/14;43.775;44.275;43.765;43.775;438926
FR0010307819;18/09/14;43.915;44.045;43.59;43.805;263697
FR0010307819;19/09/14;44.11;44.395;43.40;43.58;1004677
FR0010307819;22/09/14;43.315;43.66;43.12;43.325;364932
FR0010307819;23/09/14;43.255;43.365;42.08;42.125;566369
FR0010307819;24/09/14;42.085;42.485;41.675;42.485;651225
FR0010307819;25/09/14;42.21;42.265;40.505;40.66;1068916
FR0010307819;26/09/14;40.62;41.335;40.10;41.12;669563
FR0010307819;29/09/14;41.00;41.19;40.60;40.805;428351
FR0010307819;30/09/14;40.955;41.24;40.635;41.195;831931
FR0010307819;01/10/14;41.09;41.43;40.635;40.735;511833
FR0010307819;02/10/14;40.61;40.715;39.785;39.91;778228
FR0010307819;03/10/14;40.115;40.46;39.96;40.185;474150
FR0010307819;06/10/14;40.34;40.405;39.935;40.04;371168
FR0010307819;07/10/14;40.00;40.00;39.215;39.215;738287
FR0010307819;08/10/14;39.00;39.17;38.55;39.015;765829
FR0010307819;09/10/14;39.28;39.72;38.51;38.755;897014
FR0010307819;10/10/14;38.445;38.72;38.02;38.385;1080704
FR0010307819;13/10/14;38.07;38.89;37.80;38.515;493524
FR0010307819;14/10/14;38.23;39.165;37.80;39.105;648361
FR0010307819;15/10/14;39.08;39.22;37.625;37.85;866737
FR0010307819;16/10/14;38.06;38.58;36.67;38.50;1404323
FR0010307819;17/10/14;38.50;39.535;38.38;39.485;1053420
FR0010307819;20/10/14;39.445;39.94;39.27;39.48;1067908
FR0010307819;21/10/14;39.335;40.53;39.25;40.51;754095
FR0010307819;22/10/14;40.615;41.30;40.605;40.71;588343
FR0010307819;23/10/14;40.50;41.035;40.135;40.835;953986
FR0010307819;24/10/14;40.73;40.885;40.06;40.17;582053
FR0010307819;27/10/14;40.40;40.48;39.76;40.025;744332
FR0010307819;28/10/14;40.33;40.835;40.17;40.70;558148
FR0010307819;29/10/14;41.00;41.98;40.965;41.805;771971
FR0010307819;30/10/14;42.41;42.41;41.34;42.15;836729
FR0010307819;31/10/14;42.63;42.94;42.41;42.94;701365
FR0010307819;03/11/14;42.95;43.20;42.21;42.415;772780
FR0010307819;04/11/14;42.375;42.83;41.735;41.80;754594
FR0010307819;05/11/14;41.94;42.415;41.70;42.075;736451
FR0010307819;06/11/14;40.195;41.055;39.755;40.90;1940407
FR0010307819;07/11/14;40.935;40.94;39.76;40.20;1086733
FR0010307819;10/11/14;40.105;40.27;39.845;40.155;777531
FR0010307819;11/11/14;40.32;40.92;40.145;40.825;684960
FR0010307819;12/11/14;40.79;40.795;40.20;40.33;543547
FR0010307819;13/11/14;40.505;40.785;40.15;40.505;581534
FR0010307819;14/11/14;40.60;40.60;40.165;40.27;486399
FR0010307819;17/11/14;40.00;40.37;39.80;40.225;457059
FR0010307819;18/11/14;40.45;40.785;40.35;40.675;424540
FR0010307819;19/11/14;40.80;41.12;40.575;40.785;360458
FR0010307819;20/11/14;40.76;41.075;40.37;40.71;452555
FR0010307819;21/11/14;40.815;41.705;40.795;41.365;950687
FR0010307819;24/11/14;41.48;41.93;41.275;41.90;468713
FR0010307819;25/11/14;41.86;42.59;41.86;42.55;713511
FR0010307819;26/11/14;42.575;42.66;41.93;42.00;481883
FR0010307819;27/11/14;42.175;42.175;41.855;42.065;374562
FR0010307819;28/11/14;42.16;42.235;41.87;42.165;426229
FR0010307819;01/12/14;41.92;43.515;41.89;43.30;930248
FR0010307819;02/12/14;43.61;44.28;43.385;43.685;849975
FR0010307819;03/12/14;43.63;44.27;43.63;43.975;577458
FR0010307819;04/12/14;44.00;44.115;43.38;43.53;654971
FR0010307819;05/12/14;43.88;44.14;43.665;43.98;545008
FR0010307819;08/12/14;43.805;44.21;43.805;43.885;386410
FR0010307819;09/12/14;43.275;43.785;42.94;42.955;656244
FR0010307819;10/12/14;43.12;43.53;42.75;42.775;442930
FR0010307819;11/12/14;42.765;42.865;42.365;42.44;550290
FR0010307819;12/12/14;42.20;42.28;40.965;40.985;702754
FR0010307819;15/12/14;40.80;41.325;40.195;40.195;632399
FR0010307819;16/12/14;40.295;40.595;39.39;40.595;1655102
FR0010307819;17/12/14;40.08;41.21;39.875;41.045;877362
FR0010307819;18/12/14;41.68;43.105;41.455;43.00;1168708
FR0010307819;19/12/14;43.25;43.615;42.885;43.00;1033080
FR0010307819;22/12/14;43.195;43.41;42.97;43.125;264144
FR0010307819;23/12/14;43.145;43.775;43.08;43.70;310686
FR0010307819;24/12/14;43.51;43.90;43.51;43.71;46844
FR0010307819;29/12/14;43.595;43.90;43.52;43.81;425011
FR0010307819;30/12/14;43.75;43.84;43.145;43.16;263055
FR0010307819;31/12/14;43.135;43.715;43.135;43.545;200520
FR0010307819;02/01/15;43.54;43.94;43.135;43.46;318181
FR0010307819;05/01/15;43.135;44.055;41.99;42.06;587914
FR0010307819;06/01/15;42.155;42.17;41.19;41.28;685792
FR0010307819;07/01/15;41.525;41.525;40.87;40.98;588860
FR0010307819;08/01/15;41.475;42.085;41.23;41.91;574641
FR0010307819;09/01/15;41.71;42.30;41.425;41.71;491023
FR0010307819;12/01/15;41.895;42.50;41.63;41.68;495360
FR0010307819;13/01/15;41.535;41.665;40.97;41.475;793930
FR0010307819;14/01/15;40.95;41.41;40.775;41.04;733520
FR0010307819;15/01/15;41.35;42.54;40.91;42.445;1180523
FR0010307819;16/01/15;42.185;42.475;42.105;42.31;755430
FR0010307819;19/01/15;42.315;42.975;42.11;42.825;437608
FR0010307819;20/01/15;43.00;43.89;42.93;43.675;538122
FR0010307819;21/01/15;43.715;44.10;43.345;44.10;778920
FR0010307819;22/01/15;44.15;45.43;44.04;45.25;865537
FR0010307819;23/01/15;45.48;46.53;45.37;46.435;1069140
FR0010307819;26/01/15;46.23;46.92;46.23;46.895;424153
FR0010307819;27/01/15;46.825;46.905;45.55;45.67;749253
FR0010307819;28/01/15;46.03;46.27;45.635;45.965;477624
FR0010307819;29/01/15;45.725;47.145;45.59;46.955;975935
FR0010307819;30/01/15;48.005;48.465;47.645;47.70;1245055
FR0010307819;02/02/15;47.895;48.315;47.12;47.53;557295
FR0010307819;03/02/15;47.765;49.02;47.61;48.685;926408
FR0010307819;04/02/15;48.61;48.91;48.335;48.765;569645
FR0010307819;05/02/15;47.555;48.365;47.29;48.275;660839
FR0010307819;06/02/15;47.615;47.715;46.86;46.94;817994
FR0010307819;09/02/15;46.695;47.255;46.225;46.84;609748
FR0010307819;10/02/15;47.085;47.50;46.58;47.375;456815
FR0010307819;11/02/15;47.40;47.515;46.82;47.05;552235
FR0010307819;12/02/15;46.25;47.275;45.65;46.65;1263468
FR0010307819;13/02/15;46.25;47.065;45.86;47.01;1114784
FR0010307819;16/02/15;46.605;46.88;46.18;46.34;641841
FR0010307819;17/02/15;46.10;47.32;46.035;46.95;713294
FR0010307819;18/02/15;47.06;47.885;46.51;47.885;901740
FR0010307819;19/02/15;47.735;48.42;47.61;48.155;820597
FR0010307819;20/02/15;48.00;48.40;47.48;48.40;732047
FR0010307819;23/02/15;48.615;49.185;48.405;49.07;719570
FR0010307819;24/02/15;49.035;49.15;48.35;48.91;549560
FR0010307819;25/02/15;48.935;49.03;48.585;48.895;601277
FR0010307819;26/02/15;48.875;49.34;48.61;49.265;374160
FR0010307819;27/02/15;49.03;49.44;48.91;49.40;607739
FR0010307819;02/03/15;49.445;49.61;48.09;48.28;893811
FR0010307819;03/03/15;48.85;49.48;48.46;48.94;879462
FR0010307819;04/03/15;48.60;49.20;48.55;49.20;691017
FR0010307819;05/03/15;49.20;49.835;49.035;49.57;544081
FR0010307819;06/03/15;49.42;49.935;49.29;49.29;722733
