258
FR0000121261;03/03/14;86.94;87.80;86.43;87.24;921430
FR0000121261;04/03/14;88.11;90.29;87.73;90.18;829674
FR0000121261;05/03/14;89.78;90.15;89.14;90.08;720345
FR0000121261;06/03/14;90.67;93.39;90.46;93.34;1122836
FR0000121261;07/03/14;93.15;93.20;90.55;90.70;809182
FR0000121261;10/03/14;90.79;91.54;88.82;89.37;568858
FR0000121261;11/03/14;89.95;89.99;88.00;88.36;507210
FR0000121261;12/03/14;87.98;88.10;86.20;87.57;686976
FR0000121261;13/03/14;87.97;88.99;86.46;86.76;579521
FR0000121261;14/03/14;86.35;87.34;85.56;87.21;819169
FR0000121261;17/03/14;87.67;88.86;86.96;88.82;549421
FR0000121261;18/03/14;89.04;91.19;88.67;90.57;882729
FR0000121261;19/03/14;91.02;91.93;90.25;90.56;687028
FR0000121261;20/03/14;90.11;90.37;89.13;89.73;648968
FR0000121261;21/03/14;89.97;90.14;88.27;89.50;866695
FR0000121261;24/03/14;89.95;90.44;88.41;88.84;579873
FR0000121261;25/03/14;88.85;89.83;88.57;89.16;445846
FR0000121261;26/03/14;89.69;91.34;89.22;91.05;700259
FR0000121261;27/03/14;90.98;91.11;89.80;90.59;463490
FR0000121261;28/03/14;91.00;91.52;90.77;91.37;307372
FR0000121261;31/03/14;91.60;92.44;90.41;90.78;423633
FR0000121261;01/04/14;91.31;92.80;90.51;92.29;445984
FR0000121261;02/04/14;92.40;92.90;91.32;91.63;372365
FR0000121261;03/04/14;91.52;92.40;90.83;91.48;457731
FR0000121261;04/04/14;91.70;92.76;91.18;92.15;318573
FR0000121261;07/04/14;91.78;92.25;90.84;91.77;421588
FR0000121261;08/04/14;92.06;92.17;89.53;89.98;693757
FR0000121261;09/04/14;90.45;92.18;90.29;91.03;493259
FR0000121261;10/04/14;91.60;92.37;90.15;90.33;482769
FR0000121261;11/04/14;89.61;89.65;88.14;89.38;658885
FR0000121261;14/04/14;89.13;89.70;87.92;88.34;510855
FR0000121261;15/04/14;88.83;89.82;87.34;87.39;740634
FR0000121261;16/04/14;88.31;90.11;88.25;89.88;678584
FR0000121261;17/04/14;89.88;91.64;89.86;91.40;717030
FR0000121261;22/04/14;92.18;93.68;91.96;93.68;581382
FR0000121261;23/04/14;94.10;94.33;92.40;92.75;565263
FR0000121261;24/04/14;89.97;90.00;88.08;88.83;1407916
FR0000121261;25/04/14;88.83;89.41;87.71;88.31;541599
FR0000121261;28/04/14;88.41;88.77;87.70;88.29;483214
FR0000121261;29/04/14;88.68;89.17;87.84;88.28;580407
FR0000121261;30/04/14;87.96;88.75;87.51;88.00;615328
FR0000121261;02/05/14;88.19;89.35;87.72;88.86;665487
FR0000121261;05/05/14;88.78;88.98;87.51;88.55;414561
FR0000121261;06/05/14;88.96;89.15;87.73;88.34;439986
FR0000121261;07/05/14;88.23;88.78;87.00;87.35;562512
FR0000121261;08/05/14;87.80;88.84;87.03;88.72;549961
FR0000121261;09/05/14;88.49;88.84;87.31;87.89;485863
FR0000121261;12/05/14;88.21;88.95;87.85;88.56;371850
FR0000121261;13/05/14;88.50;89.78;88.34;88.66;472975
FR0000121261;14/05/14;89.09;90.17;88.72;90.09;563496
FR0000121261;15/05/14;90.35;91.99;89.09;89.36;761742
FR0000121261;16/05/14;89.45;89.72;87.05;87.67;683133
FR0000121261;19/05/14;87.70;89.27;86.84;88.60;479561
FR0000121261;20/05/14;86.11;87.55;86.08;86.94;512497
FR0000121261;21/05/14;86.80;87.42;85.78;87.06;503752
FR0000121261;22/05/14;87.40;87.89;86.70;87.85;432597
FR0000121261;23/05/14;88.24;89.20;87.94;89.15;360302
FR0000121261;26/05/14;89.31;90.36;89.29;90.32;366606
FR0000121261;27/05/14;90.15;90.47;89.54;89.56;407149
FR0000121261;28/05/14;89.85;90.83;89.43;89.51;435474
FR0000121261;29/05/14;89.59;90.21;89.00;90.21;258255
FR0000121261;30/05/14;90.16;90.75;89.98;90.40;574850
FR0000121261;02/06/14;91.80;91.89;91.00;91.20;494857
FR0000121261;03/06/14;91.51;91.68;91.02;91.10;331663
FR0000121261;04/06/14;91.53;91.53;89.27;91.04;458616
FR0000121261;05/06/14;90.99;92.41;89.38;92.20;780981
FR0000121261;06/06/14;92.21;92.60;92.01;92.45;630344
FR0000121261;09/06/14;92.54;92.54;91.54;91.84;313353
FR0000121261;10/06/14;91.61;91.81;90.63;91.37;413551
FR0000121261;11/06/14;91.45;92.44;90.90;92.21;485769
FR0000121261;12/06/14;92.00;93.07;91.76;92.90;472891
FR0000121261;13/06/14;92.63;92.78;90.75;92.28;463277
FR0000121261;16/06/14;91.96;92.50;91.42;92.10;379957
FR0000121261;17/06/14;92.50;93.50;91.88;92.84;467739
FR0000121261;18/06/14;92.76;92.83;91.15;91.65;620419
FR0000121261;19/06/14;92.44;92.96;91.59;91.64;445229
FR0000121261;20/06/14;91.48;92.20;90.30;90.33;1281603
FR0000121261;23/06/14;90.64;90.70;88.59;88.83;528363
FR0000121261;24/06/14;89.23;89.80;88.97;89.49;356154
FR0000121261;25/06/14;89.16;89.61;88.06;89.09;498852
FR0000121261;26/06/14;89.21;89.29;87.28;88.09;553501
FR0000121261;27/06/14;88.36;88.69;87.32;88.01;430244
FR0000121261;30/06/14;88.39;88.62;87.00;87.26;429950
FR0000121261;01/07/14;87.39;88.47;86.75;88.29;475792
FR0000121261;02/07/14;88.57;89.11;88.24;88.60;368085
FR0000121261;03/07/14;88.51;89.15;87.71;89.06;435228
FR0000121261;04/07/14;89.35;89.61;88.17;88.26;249474
FR0000121261;07/07/14;88.05;89.00;86.84;87.02;327589
FR0000121261;08/07/14;87.22;87.50;85.77;85.96;404986
FR0000121261;09/07/14;85.97;86.72;83.94;86.13;720662
FR0000121261;10/07/14;86.18;86.77;84.88;85.00;689335
FR0000121261;11/07/14;85.05;85.58;84.52;84.77;518401
FR0000121261;14/07/14;85.01;86.25;85.00;85.81;425155
FR0000121261;15/07/14;85.95;87.49;85.57;85.91;514754
FR0000121261;16/07/14;86.37;86.69;85.71;86.48;387791
FR0000121261;17/07/14;86.07;86.66;85.57;86.25;575928
FR0000121261;18/07/14;85.76;85.98;84.31;85.41;703483
FR0000121261;21/07/14;85.57;85.57;84.11;84.59;404463
FR0000121261;22/07/14;84.90;85.35;84.41;85.11;438415
FR0000121261;23/07/14;84.97;86.31;84.88;85.13;417689
FR0000121261;24/07/14;85.19;85.67;84.46;84.99;509975
FR0000121261;25/07/14;84.80;84.85;82.38;82.54;808668
FR0000121261;28/07/14;82.97;83.65;81.95;82.87;687573
FR0000121261;29/07/14;80.40;86.41;80.29;84.34;1181040
FR0000121261;30/07/14;86.19;86.20;83.31;83.87;909071
FR0000121261;31/07/14;84.00;84.11;81.63;82.06;1039395
FR0000121261;01/08/14;81.81;82.04;79.46;81.29;948264
FR0000121261;04/08/14;81.33;82.10;80.40;81.23;680251
FR0000121261;05/08/14;81.48;81.89;79.95;80.51;680385
FR0000121261;06/08/14;80.18;80.51;78.44;80.06;852373
FR0000121261;07/08/14;79.78;80.12;77.68;77.97;940627
FR0000121261;08/08/14;76.88;79.35;76.43;78.98;926337
FR0000121261;11/08/14;79.95;80.61;79.39;80.44;520003
FR0000121261;12/08/14;79.96;80.42;78.92;79.09;547517
FR0000121261;13/08/14;79.71;80.32;79.17;79.89;558181
FR0000121261;14/08/14;79.69;81.50;79.38;81.06;542399
FR0000121261;15/08/14;81.16;81.97;79.66;79.82;564510
FR0000121261;18/08/14;80.87;81.41;80.64;81.15;334155
FR0000121261;19/08/14;81.50;82.32;81.25;82.14;366784
FR0000121261;20/08/14;82.31;82.50;81.15;81.98;410902
FR0000121261;21/08/14;82.21;83.24;81.66;83.01;346410
FR0000121261;22/08/14;83.10;83.11;81.90;82.48;339250
FR0000121261;25/08/14;83.30;83.49;82.64;83.23;291836
FR0000121261;26/08/14;83.10;84.76;82.99;84.52;518025
FR0000121261;27/08/14;84.46;84.63;83.33;84.56;532114
FR0000121261;28/08/14;84.36;84.60;83.54;84.04;542108
FR0000121261;29/08/14;84.10;84.60;82.95;84.15;586533
FR0000121261;01/09/14;84.34;84.34;83.01;83.59;307508
FR0000121261;02/09/14;83.65;83.89;83.28;83.52;493694
FR0000121261;03/09/14;83.78;85.10;83.63;84.75;443491
FR0000121261;04/09/14;84.74;85.74;84.14;85.08;465485
FR0000121261;05/09/14;85.01;85.19;84.28;84.87;525297
FR0000121261;08/09/14;85.01;85.32;84.04;84.17;435901
FR0000121261;09/09/14;83.98;84.86;83.41;83.67;504450
FR0000121261;10/09/14;83.49;83.66;82.45;83.22;534839
FR0000121261;11/09/14;83.22;83.47;80.40;80.90;1092239
FR0000121261;12/09/14;80.24;80.26;79.02;79.38;946936
FR0000121261;15/09/14;79.30;79.32;78.45;78.66;465229
FR0000121261;16/09/14;78.89;79.46;78.35;78.76;487622
FR0000121261;17/09/14;79.40;79.54;78.63;78.95;608395
FR0000121261;18/09/14;79.01;80.23;78.84;79.62;658176
FR0000121261;19/09/14;80.65;81.25;79.60;79.73;869646
FR0000121261;22/09/14;79.59;79.65;77.62;77.84;785110
FR0000121261;23/09/14;76.96;77.25;74.83;75.06;1946309
FR0000121261;24/09/14;75.21;75.77;74.42;75.77;868350
FR0000121261;25/09/14;75.91;76.16;74.12;74.33;835919
FR0000121261;26/09/14;74.41;75.11;73.94;74.59;574077
FR0000121261;29/09/14;74.64;75.76;74.22;74.73;628867
FR0000121261;30/09/14;74.33;74.93;73.95;74.68;870482
FR0000121261;01/10/14;74.60;75.97;73.52;73.99;821803
FR0000121261;02/10/14;74.00;75.09;72.25;72.25;901744
FR0000121261;03/10/14;72.71;73.17;72.00;72.49;699330
FR0000121261;06/10/14;73.36;73.88;72.56;72.80;684492
FR0000121261;07/10/14;72.57;73.35;71.90;71.99;806581
FR0000121261;08/10/14;71.15;71.32;69.95;70.09;1225303
FR0000121261;09/10/14;71.27;71.47;69.53;69.75;882668
FR0000121261;10/10/14;69.21;69.43;68.40;68.77;1034758
FR0000121261;13/10/14;68.23;70.46;68.04;69.24;680292
FR0000121261;14/10/14;68.70;71.28;68.43;70.44;1110049
FR0000121261;15/10/14;70.38;71.21;68.13;68.35;955954
FR0000121261;16/10/14;68.92;70.14;66.33;69.69;1611378
FR0000121261;17/10/14;69.66;71.54;69.06;71.31;1260145
FR0000121261;20/10/14;70.73;71.11;69.70;70.00;1063548
FR0000121261;21/10/14;69.67;71.33;69.03;70.49;1146378
FR0000121261;22/10/14;70.76;71.27;70.15;70.50;693175
FR0000121261;23/10/14;67.01;68.02;66.36;67.04;2295785
FR0000121261;24/10/14;67.05;67.52;66.26;66.77;1057581
FR0000121261;27/10/14;67.45;67.63;65.10;66.13;850687
FR0000121261;28/10/14;66.63;67.66;66.55;67.45;786618
FR0000121261;29/10/14;67.50;68.74;67.42;68.16;594236
FR0000121261;30/10/14;68.96;69.55;67.33;68.43;909385
FR0000121261;31/10/14;69.30;69.86;68.64;69.19;716076
FR0000121261;03/11/14;69.10;69.94;68.66;68.98;720468
FR0000121261;04/11/14;69.01;70.18;68.04;68.36;591642
FR0000121261;05/11/14;68.93;69.13;68.14;68.70;579393
FR0000121261;06/11/14;68.68;71.56;68.68;70.67;1077195
FR0000121261;07/11/14;71.05;71.43;69.83;70.42;650306
FR0000121261;10/11/14;70.01;71.18;69.74;70.97;457018
FR0000121261;11/11/14;70.87;71.32;70.27;71.12;484440
FR0000121261;12/11/14;70.99;71.20;69.62;70.25;830573
FR0000121261;13/11/14;70.49;71.11;70.40;70.70;615711
FR0000121261;14/11/14;71.20;72.26;70.36;71.88;759395
FR0000121261;17/11/14;71.45;72.22;71.11;71.75;525950
FR0000121261;18/11/14;69.86;71.33;69.61;71.17;1136487
FR0000121261;19/11/14;71.30;71.39;70.48;71.20;471081
FR0000121261;20/11/14;71.30;71.61;70.44;71.01;481641
FR0000121261;21/11/14;71.03;72.76;70.50;72.48;881133
FR0000121261;24/11/14;72.72;73.66;72.03;72.80;822149
FR0000121261;25/11/14;73.50;74.94;73.43;74.70;1110508
FR0000121261;26/11/14;75.00;75.16;74.32;74.72;568750
FR0000121261;27/11/14;74.41;74.64;73.65;74.21;460045
FR0000121261;28/11/14;74.16;74.35;73.70;73.95;487352
FR0000121261;01/12/14;73.66;74.65;73.33;74.57;553812
FR0000121261;02/12/14;74.77;75.47;74.40;75.30;570633
FR0000121261;03/12/14;75.38;75.78;75.15;75.40;473313
FR0000121261;04/12/14;75.37;76.15;73.86;74.76;711445
FR0000121261;05/12/14;75.45;76.63;75.32;76.54;485604
FR0000121261;08/12/14;76.10;76.54;75.50;75.59;351036
FR0000121261;09/12/14;74.98;75.31;73.87;74.17;608314
FR0000121261;10/12/14;74.36;75.17;73.55;73.86;406589
FR0000121261;11/12/14;73.95;74.10;72.97;73.40;507634
FR0000121261;12/12/14;73.00;73.12;71.13;71.40;622880
FR0000121261;15/12/14;71.06;72.27;69.42;69.60;690583
FR0000121261;16/12/14;69.61;71.21;68.45;71.09;1006728
FR0000121261;17/12/14;70.70;72.42;70.32;71.93;839283
FR0000121261;18/12/14;73.07;74.25;72.85;74.11;788209
FR0000121261;19/12/14;74.27;74.73;72.90;74.00;1001703
FR0000121261;22/12/14;74.35;75.02;74.13;74.58;384114
FR0000121261;23/12/14;74.71;76.10;74.52;75.89;457197
FR0000121261;24/12/14;76.18;76.21;75.49;75.57;150769
FR0000121261;29/12/14;75.45;75.87;74.50;75.79;371617
FR0000121261;30/12/14;75.48;75.84;74.74;74.86;283398
FR0000121261;31/12/14;74.80;75.49;74.80;75.27;75210
FR0000121261;02/01/15;75.35;75.85;73.94;74.36;283206
FR0000121261;05/01/15;74.14;75.21;72.31;72.66;561971
FR0000121261;06/01/15;72.75;72.94;71.60;71.83;662140
FR0000121261;07/01/15;72.22;73.37;71.91;72.17;532028
FR0000121261;08/01/15;73.12;75.35;72.86;75.04;692128
FR0000121261;09/01/15;74.94;75.70;73.71;74.30;603324
FR0000121261;12/01/15;74.37;76.09;74.03;75.76;719877
FR0000121261;13/01/15;75.71;77.91;75.69;77.23;848406
FR0000121261;14/01/15;76.45;76.50;75.02;75.43;759727
FR0000121261;15/01/15;75.99;77.31;73.82;76.84;790926
FR0000121261;16/01/15;76.46;78.00;76.31;78.00;816675
FR0000121261;19/01/15;78.16;79.80;78.11;79.12;861788
FR0000121261;20/01/15;79.28;79.98;79.25;79.72;740501
FR0000121261;21/01/15;79.78;80.83;79.22;80.75;859919
FR0000121261;22/01/15;80.99;83.70;80.31;83.37;1442196
FR0000121261;23/01/15;83.92;85.30;83.69;84.74;1625462
FR0000121261;26/01/15;84.05;85.45;84.00;85.35;897488
FR0000121261;27/01/15;85.03;85.61;82.91;83.53;1080527
FR0000121261;28/01/15;84.44;84.65;82.96;84.40;898712
FR0000121261;29/01/15;84.09;86.16;83.94;86.15;992906
FR0000121261;30/01/15;87.07;87.77;86.19;86.73;1434197
FR0000121261;02/02/15;87.52;88.23;86.61;88.23;1057649
FR0000121261;03/02/15;87.50;88.99;87.39;88.20;1211545
FR0000121261;04/02/15;88.14;88.40;87.50;88.23;1029199
FR0000121261;05/02/15;87.60;89.36;87.35;89.09;1110481
FR0000121261;06/02/15;89.00;89.29;87.93;88.20;709483
FR0000121261;09/02/15;87.91;88.23;85.78;86.34;1030544
FR0000121261;10/02/15;83.29;84.25;81.53;84.13;2706319
FR0000121261;11/02/15;84.10;84.19;82.37;84.00;1060381
FR0000121261;12/02/15;84.50;85.41;84.09;84.28;1177055
FR0000121261;13/02/15;84.01;85.25;83.61;84.16;759410
FR0000121261;16/02/15;84.03;84.27;83.38;83.88;606710
FR0000121261;17/02/15;83.13;83.51;82.42;83.51;849624
FR0000121261;18/02/15;84.00;85.36;83.82;84.95;728598
FR0000121261;19/02/15;84.79;85.40;84.04;85.14;785091
FR0000121261;20/02/15;84.93;85.59;84.58;85.57;758194
FR0000121261;23/02/15;85.99;86.44;85.81;86.00;708365
FR0000121261;24/02/15;86.42;86.50;85.19;86.26;659053
FR0000121261;25/02/15;86.37;86.45;84.34;84.54;737781
FR0000121261;26/02/15;84.11;84.62;83.50;84.17;747178
FR0000121261;27/02/15;84.19;85.98;84.13;85.98;745786
FR0000121261;02/03/15;86.40;86.50;84.69;85.24;582747
FR0000121261;03/03/15;85.64;85.96;83.58;83.59;773706
FR0000121261;04/03/15;84.00;84.55;82.02;83.54;1103231
FR0000121261;05/03/15;83.89;84.94;83.60;83.96;712204
FR0000121261;06/03/15;84.20;84.88;84.08;84.51;659002
