258
FR0000073272;03/03/14;50.60;50.85;50.33;50.51;1137484
FR0000073272;04/03/14;50.91;51.43;50.88;51.13;853941
FR0000073272;05/03/14;50.95;51.02;49.95;50.00;1170355
FR0000073272;06/03/14;50.09;50.26;49.665;49.74;1343329
FR0000073272;07/03/14;49.965;50.34;49.05;49.20;968588
FR0000073272;10/03/14;49.10;49.16;47.77;48.205;1406038
FR0000073272;11/03/14;48.27;48.67;48.115;48.235;1065501
FR0000073272;12/03/14;48.085;48.13;46.965;47.38;1415512
FR0000073272;13/03/14;47.585;47.665;46.995;47.00;1439045
FR0000073272;14/03/14;46.81;47.245;46.75;46.835;1745381
FR0000073272;17/03/14;46.90;48.10;46.83;47.955;979605
FR0000073272;18/03/14;48.00;48.88;47.565;48.325;1235371
FR0000073272;19/03/14;48.56;49.45;48.33;49.085;1195397
FR0000073272;20/03/14;48.92;49.985;48.80;49.965;1171319
FR0000073272;21/03/14;50.10;50.83;50.02;50.37;1221835
FR0000073272;24/03/14;50.44;50.68;50.05;50.20;849531
FR0000073272;25/03/14;50.19;51.07;50.06;50.73;908044
FR0000073272;26/03/14;50.83;51.14;50.27;50.33;1071019
FR0000073272;27/03/14;50.37;50.72;50.07;50.31;657902
FR0000073272;28/03/14;50.34;50.80;50.10;50.19;624944
FR0000073272;31/03/14;50.50;50.75;50.19;50.29;681342
FR0000073272;01/04/14;50.62;50.81;50.37;50.53;460895
FR0000073272;02/04/14;50.74;50.88;49.94;49.965;672159
FR0000073272;03/04/14;50.21;51.31;50.16;51.16;944098
FR0000073272;04/04/14;51.28;51.71;51.13;51.59;584291
FR0000073272;07/04/14;51.12;51.26;49.975;50.05;972131
FR0000073272;08/04/14;50.16;50.31;48.305;48.34;1604683
FR0000073272;09/04/14;48.565;49.055;48.515;48.815;646538
FR0000073272;10/04/14;48.90;49.415;48.82;49.21;952425
FR0000073272;11/04/14;48.85;48.94;47.77;48.45;1085530
FR0000073272;14/04/14;48.10;48.37;47.125;47.765;760956
FR0000073272;15/04/14;47.795;48.195;47.38;47.48;583035
FR0000073272;16/04/14;47.78;49.00;47.76;49.00;787968
FR0000073272;17/04/14;49.00;50.00;48.525;49.66;948878
FR0000073272;22/04/14;49.725;50.12;49.485;49.78;744087
FR0000073272;23/04/14;49.11;49.29;47.90;47.96;1488338
FR0000073272;24/04/14;48.01;48.655;47.705;48.045;1036286
FR0000073272;25/04/14;48.05;48.50;47.70;47.92;941628
FR0000073272;28/04/14;48.20;48.23;47.54;47.80;567280
FR0000073272;29/04/14;47.90;48.035;46.84;47.49;1129532
FR0000073272;30/04/14;47.49;48.49;47.49;48.445;1062234
FR0000073272;02/05/14;48.615;48.67;47.88;48.075;646740
FR0000073272;05/05/14;48.13;48.20;47.54;47.90;622108
FR0000073272;06/05/14;48.015;48.20;47.45;47.50;599568
FR0000073272;07/05/14;47.245;47.37;46.60;47.01;1174779
FR0000073272;08/05/14;46.71;47.245;46.495;47.23;1465135
FR0000073272;09/05/14;47.02;47.75;47.02;47.635;644873
FR0000073272;12/05/14;47.75;48.045;47.685;47.99;689453
FR0000073272;13/05/14;48.11;48.83;48.11;48.64;1132716
FR0000073272;14/05/14;48.70;48.79;48.51;48.70;594511
FR0000073272;15/05/14;48.60;48.72;47.66;47.805;710570
FR0000073272;16/05/14;47.95;48.02;46.84;47.155;729536
FR0000073272;19/05/14;46.835;47.61;46.80;47.46;598915
FR0000073272;20/05/14;47.49;47.58;47.235;47.315;734380
FR0000073272;21/05/14;47.235;47.835;47.065;47.72;706716
FR0000073272;22/05/14;47.69;47.785;47.00;47.445;692959
FR0000073272;23/05/14;47.585;48.34;47.585;48.19;634316
FR0000073272;26/05/14;48.36;48.77;48.35;48.73;367937
FR0000073272;27/05/14;48.785;49.59;48.73;49.38;811940
FR0000073272;28/05/14;49.39;49.78;49.335;49.67;602385
FR0000073272;29/05/14;48.99;49.52;48.97;49.505;436623
FR0000073272;30/05/14;49.415;49.86;49.09;49.785;929686
FR0000073272;02/06/14;49.99;50.28;49.84;50.00;448452
FR0000073272;03/06/14;50.00;50.10;49.445;49.765;536315
FR0000073272;04/06/14;49.75;49.88;49.14;49.635;622631
FR0000073272;05/06/14;49.725;50.62;49.60;50.58;725657
FR0000073272;06/06/14;50.48;51.29;50.37;51.26;649209
FR0000073272;09/06/14;51.26;51.29;50.53;50.63;453781
FR0000073272;10/06/14;50.62;50.79;50.51;50.68;689595
FR0000073272;11/06/14;50.20;50.29;49.555;49.79;878890
FR0000073272;12/06/14;49.60;50.04;49.525;49.88;562984
FR0000073272;13/06/14;49.92;49.92;48.88;49.12;656189
FR0000073272;16/06/14;49.035;49.425;48.815;48.88;447022
FR0000073272;17/06/14;49.28;49.625;49.15;49.495;597585
FR0000073272;18/06/14;49.825;50.15;49.11;49.345;536666
FR0000073272;19/06/14;49.80;49.85;49.125;49.32;654491
FR0000073272;20/06/14;49.22;49.425;49.10;49.135;1185517
FR0000073272;23/06/14;49.025;49.08;47.81;48.135;1173547
FR0000073272;24/06/14;48.30;48.56;47.205;47.60;1409757
FR0000073272;25/06/14;47.45;47.75;47.075;47.415;1158460
FR0000073272;26/06/14;47.50;47.63;47.16;47.56;760134
FR0000073272;27/06/14;47.56;48.71;47.26;48.505;1186986
FR0000073272;30/06/14;48.53;48.57;47.44;47.815;1006918
FR0000073272;01/07/14;47.80;48.02;47.71;47.85;660892
FR0000073272;02/07/14;47.735;47.85;46.805;46.91;1173270
FR0000073272;03/07/14;47.005;47.33;46.915;47.33;870976
FR0000073272;04/07/14;47.33;47.73;47.27;47.50;381761
FR0000073272;07/07/14;47.38;47.39;46.50;46.54;837543
FR0000073272;08/07/14;46.72;46.825;46.11;46.175;917397
FR0000073272;09/07/14;45.71;46.00;44.605;45.315;1697938
FR0000073272;10/07/14;45.315;46.12;44.99;46.00;1269164
FR0000073272;11/07/14;46.00;46.885;45.935;46.87;1007603
FR0000073272;14/07/14;47.00;47.17;46.75;46.945;727164
FR0000073272;15/07/14;46.775;46.99;46.445;46.445;646616
FR0000073272;16/07/14;46.39;46.69;46.045;46.425;1023401
FR0000073272;17/07/14;46.30;46.39;45.825;46.125;811813
FR0000073272;18/07/14;45.78;46.15;45.76;46.055;737803
FR0000073272;21/07/14;46.00;46.22;45.955;45.99;464675
FR0000073272;22/07/14;46.06;46.16;45.755;45.795;753144
FR0000073272;23/07/14;45.69;46.405;45.63;46.015;623645
FR0000073272;24/07/14;46.07;46.50;45.725;46.26;490684
FR0000073272;25/07/14;46.16;46.175;44.94;45.645;1037633
FR0000073272;28/07/14;45.755;45.81;45.205;45.30;635087
FR0000073272;29/07/14;45.415;45.63;44.985;44.995;530061
FR0000073272;30/07/14;45.04;45.37;44.835;44.89;726772
FR0000073272;31/07/14;45.49;46.275;43.78;43.895;1590906
FR0000073272;01/08/14;43.96;44.125;43.24;43.92;1608218
FR0000073272;04/08/14;44.10;44.49;43.85;44.095;1094673
FR0000073272;05/08/14;44.295;44.64;43.885;44.585;889158
FR0000073272;06/08/14;44.345;44.575;44.13;44.505;802564
FR0000073272;07/08/14;44.52;44.52;44.095;44.17;718643
FR0000073272;08/08/14;43.81;44.225;43.515;44.22;888939
FR0000073272;11/08/14;44.335;45.55;44.295;45.495;848969
FR0000073272;12/08/14;45.44;45.615;45.185;45.39;617416
FR0000073272;13/08/14;45.48;46.225;45.39;46.15;880425
FR0000073272;14/08/14;46.15;46.88;45.895;46.765;757041
FR0000073272;15/08/14;46.80;47.145;46.245;46.32;659982
FR0000073272;18/08/14;46.70;47.325;46.70;47.26;518892
FR0000073272;19/08/14;47.32;47.58;47.135;47.325;480854
FR0000073272;20/08/14;47.325;47.335;46.82;46.995;501854
FR0000073272;21/08/14;46.995;47.45;46.81;47.43;368003
FR0000073272;22/08/14;47.43;48.00;47.295;47.58;585508
FR0000073272;25/08/14;47.84;49.30;47.825;49.185;674878
FR0000073272;26/08/14;49.185;49.50;48.735;49.295;1151885
FR0000073272;27/08/14;49.27;49.625;48.955;49.455;456329
FR0000073272;28/08/14;49.40;49.77;49.225;49.50;640489
FR0000073272;29/08/14;49.515;49.885;49.30;49.885;651744
FR0000073272;01/09/14;50.01;50.55;49.75;49.875;557783
FR0000073272;02/09/14;49.875;50.06;49.81;49.82;692456
FR0000073272;03/09/14;49.835;50.12;49.80;49.98;725379
FR0000073272;04/09/14;49.80;50.87;49.765;50.85;792364
FR0000073272;05/09/14;50.90;51.95;50.79;51.70;1519146
FR0000073272;08/09/14;51.65;51.71;51.13;51.20;674700
FR0000073272;09/09/14;51.26;51.62;51.12;51.17;686748
FR0000073272;10/09/14;51.12;51.36;50.68;51.22;502714
FR0000073272;11/09/14;51.32;51.54;50.77;51.11;404688
FR0000073272;12/09/14;51.15;51.50;50.81;51.50;542578
FR0000073272;15/09/14;51.45;51.94;51.31;51.80;623820
FR0000073272;16/09/14;51.69;51.70;50.77;50.92;801356
FR0000073272;17/09/14;51.15;51.19;50.74;51.04;623260
FR0000073272;18/09/14;51.03;51.74;51.00;51.46;766710
FR0000073272;19/09/14;51.70;51.75;50.78;50.87;1865627
FR0000073272;22/09/14;50.85;50.98;50.54;50.65;708579
FR0000073272;23/09/14;50.71;50.92;50.00;50.00;964167
FR0000073272;24/09/14;50.07;50.07;49.37;49.955;841166
FR0000073272;25/09/14;49.83;50.64;49.68;49.72;740028
FR0000073272;26/09/14;49.66;50.66;49.165;50.52;773094
FR0000073272;29/09/14;50.49;50.66;49.91;50.25;528010
FR0000073272;30/09/14;50.41;51.65;50.17;51.38;988005
FR0000073272;01/10/14;51.30;51.70;50.68;50.76;725055
FR0000073272;02/10/14;50.50;50.54;49.34;49.34;824506
FR0000073272;03/10/14;49.47;50.30;49.365;49.98;588361
FR0000073272;06/10/14;50.14;50.14;49.74;49.76;589393
FR0000073272;07/10/14;49.775;49.775;48.44;48.505;927354
FR0000073272;08/10/14;48.335;48.44;47.89;48.09;667910
FR0000073272;09/10/14;48.65;48.88;47.44;47.66;861818
FR0000073272;10/10/14;47.25;47.695;46.48;47.36;1143556
FR0000073272;13/10/14;46.83;47.60;46.625;47.115;888299
FR0000073272;14/10/14;46.735;47.065;46.12;46.92;826616
FR0000073272;15/10/14;46.795;47.135;45.425;45.475;1292766
FR0000073272;16/10/14;45.56;45.675;43.655;44.545;1990605
FR0000073272;17/10/14;44.44;45.585;43.905;45.50;1613550
FR0000073272;20/10/14;45.48;45.56;44.90;45.06;814478
FR0000073272;21/10/14;44.955;46.29;44.755;46.265;1425278
FR0000073272;22/10/14;46.255;46.64;46.215;46.53;1054463
FR0000073272;23/10/14;47.25;48.96;47.15;48.845;1853599
FR0000073272;24/10/14;48.70;48.70;47.895;48.015;920065
FR0000073272;27/10/14;48.215;48.215;47.41;47.67;691557
FR0000073272;28/10/14;48.005;49.00;47.945;48.90;971782
FR0000073272;29/10/14;49.07;50.13;49.04;49.615;961759
FR0000073272;30/10/14;49.705;49.945;49.02;49.91;980335
FR0000073272;31/10/14;50.38;50.86;50.25;50.50;987344
FR0000073272;03/11/14;50.57;51.03;50.26;50.27;611068
FR0000073272;04/11/14;50.26;50.49;49.62;49.735;772766
FR0000073272;05/11/14;50.13;50.59;50.04;50.40;709099
FR0000073272;06/11/14;50.10;51.39;50.10;51.31;1047080
FR0000073272;07/11/14;51.30;51.46;50.91;51.07;568727
FR0000073272;10/11/14;51.00;51.49;50.80;51.48;560145
FR0000073272;11/11/14;51.48;51.98;51.40;51.93;431855
FR0000073272;12/11/14;51.85;51.93;51.36;51.38;792218
FR0000073272;13/11/14;51.51;51.80;51.14;51.57;483199
FR0000073272;14/11/14;51.67;52.10;51.56;52.00;866855
FR0000073272;17/11/14;51.45;52.14;51.39;51.91;498306
FR0000073272;18/11/14;51.79;52.05;51.57;51.90;637950
FR0000073272;19/11/14;51.73;51.80;51.05;51.15;666276
FR0000073272;20/11/14;51.00;51.44;50.58;50.91;709306
FR0000073272;21/11/14;51.04;51.90;51.00;51.71;806562
FR0000073272;24/11/14;51.70;51.98;51.40;51.68;616552
FR0000073272;25/11/14;51.71;52.59;51.71;52.56;717091
FR0000073272;26/11/14;52.56;52.56;51.95;51.96;528820
FR0000073272;27/11/14;51.95;52.31;51.83;51.91;511384
FR0000073272;28/11/14;51.93;52.10;51.73;52.03;489037
FR0000073272;01/12/14;51.90;52.43;51.85;52.34;508349
FR0000073272;02/12/14;52.49;52.59;52.19;52.42;456581
FR0000073272;03/12/14;52.30;52.79;52.30;52.68;518646
FR0000073272;04/12/14;52.70;53.12;52.45;52.84;835457
FR0000073272;05/12/14;53.19;53.62;53.15;53.54;560417
FR0000073272;08/12/14;53.32;53.71;53.23;53.23;566672
FR0000073272;09/12/14;52.68;52.93;52.01;52.09;472419
FR0000073272;10/12/14;52.22;52.77;51.35;51.35;865398
FR0000073272;11/12/14;51.35;51.60;50.52;50.52;725999
FR0000073272;12/12/14;50.26;50.26;49.06;49.095;1150946
FR0000073272;15/12/14;49.23;49.32;48.825;48.835;1010607
FR0000073272;16/12/14;48.865;49.045;47.75;49.025;1751102
FR0000073272;17/12/14;48.53;49.13;48.195;48.895;919633
FR0000073272;18/12/14;49.625;49.85;49.08;49.685;1298927
FR0000073272;19/12/14;49.64;50.12;49.435;49.975;1274270
FR0000073272;22/12/14;50.00;50.49;49.845;50.32;544886
FR0000073272;23/12/14;50.37;50.81;50.25;50.81;382042
FR0000073272;24/12/14;50.82;50.93;50.77;50.91;98327
FR0000073272;29/12/14;50.91;51.00;50.49;50.97;433884
FR0000073272;30/12/14;50.87;51.02;50.42;50.42;288978
FR0000073272;31/12/14;50.40;51.25;50.40;51.25;200297
FR0000073272;02/01/15;51.64;51.64;50.69;51.05;371455
FR0000073272;05/01/15;50.70;52.17;50.70;50.95;743160
FR0000073272;06/01/15;51.00;51.72;50.62;51.30;769752
FR0000073272;07/01/15;51.54;52.29;50.87;52.16;739959
FR0000073272;08/01/15;52.89;53.92;52.31;53.72;1298972
FR0000073272;09/01/15;53.58;54.60;53.57;53.97;1248616
FR0000073272;12/01/15;54.32;54.92;53.92;54.01;971758
FR0000073272;13/01/15;53.87;54.47;53.67;54.21;961940
FR0000073272;14/01/15;53.71;54.54;53.67;53.95;715742
FR0000073272;15/01/15;54.21;54.92;53.51;54.85;1141198
FR0000073272;16/01/15;54.51;55.43;54.51;55.20;1348727
FR0000073272;19/01/15;55.53;56.33;55.33;56.17;1146351
FR0000073272;20/01/15;56.05;56.41;55.67;55.74;893356
FR0000073272;21/01/15;55.74;55.85;55.03;55.48;1218883
FR0000073272;22/01/15;55.50;56.97;55.30;56.69;1682148
FR0000073272;23/01/15;56.99;59.71;56.69;59.44;2218557
FR0000073272;26/01/15;59.04;59.71;59.00;59.27;825594
FR0000073272;27/01/15;59.47;59.95;58.90;59.09;969824
FR0000073272;28/01/15;59.51;59.72;58.88;59.29;677781
FR0000073272;29/01/15;59.02;59.78;59.00;59.74;624526
FR0000073272;30/01/15;59.95;60.00;59.02;59.19;950010
FR0000073272;02/02/15;59.45;59.83;58.62;58.93;627631
FR0000073272;03/02/15;58.95;59.68;58.79;59.08;722392
FR0000073272;04/02/15;58.97;59.91;58.83;59.91;678542
FR0000073272;05/02/15;59.54;60.65;59.51;60.57;840453
FR0000073272;06/02/15;60.40;60.53;60.06;60.36;463332
FR0000073272;09/02/15;60.24;60.34;58.90;59.18;729032
FR0000073272;10/02/15;59.45;60.75;59.45;60.53;718663
FR0000073272;11/02/15;60.23;60.77;59.99;60.30;697651
FR0000073272;12/02/15;60.14;60.95;60.11;60.77;512118
FR0000073272;13/02/15;60.70;61.07;60.24;60.46;607241
FR0000073272;16/02/15;60.46;61.06;60.46;60.81;482545
FR0000073272;17/02/15;60.50;61.16;60.21;60.51;630909
FR0000073272;18/02/15;60.60;61.27;60.25;61.20;659811
FR0000073272;19/02/15;61.04;61.24;60.65;61.20;990611
FR0000073272;20/02/15;61.10;61.73;61.02;61.63;844023
FR0000073272;23/02/15;61.95;62.12;61.66;61.69;663204
FR0000073272;24/02/15;61.70;61.81;60.37;60.92;783472
FR0000073272;25/02/15;61.50;63.50;61.20;63.03;1466332
FR0000073272;26/02/15;63.10;63.29;62.52;62.52;975733
FR0000073272;27/02/15;62.60;62.98;62.52;62.90;860730
FR0000073272;02/03/15;63.29;63.93;63.20;63.76;809736
FR0000073272;03/03/15;62.75;63.66;62.58;63.00;2153008
FR0000073272;04/03/15;63.03;63.84;63.02;63.77;938107
FR0000073272;05/03/15;63.96;65.75;63.77;65.67;1168293
FR0000073272;06/03/15;65.56;66.68;65.31;65.63;1817196
