258
FR0000125007;03/03/14;42.35;42.50;41.16;41.47;2955550
FR0000125007;04/03/14;41.95;42.865;41.70;42.74;2028648
FR0000125007;05/03/14;42.525;42.90;42.205;42.83;1723482
FR0000125007;06/03/14;42.885;43.435;42.79;43.175;1694750
FR0000125007;07/03/14;43.09;43.29;42.275;42.40;1847650
FR0000125007;10/03/14;42.36;42.98;42.06;42.905;1397796
FR0000125007;11/03/14;43.005;43.155;42.20;42.29;1276194
FR0000125007;12/03/14;42.01;42.285;41.58;42.03;1418407
FR0000125007;13/03/14;42.165;42.20;41.42;41.42;1017981
FR0000125007;14/03/14;41.035;41.265;40.34;41.10;1933710
FR0000125007;17/03/14;40.985;41.78;40.985;41.585;1136045
FR0000125007;18/03/14;41.39;42.565;41.11;42.215;1483682
FR0000125007;19/03/14;42.10;42.385;41.87;42.135;1300762
FR0000125007;20/03/14;41.67;42.28;41.22;42.24;1368873
FR0000125007;21/03/14;42.34;42.47;41.91;41.99;1839046
FR0000125007;24/03/14;42.285;42.805;41.82;42.00;1677762
FR0000125007;25/03/14;42.165;42.975;42.075;42.80;1517587
FR0000125007;26/03/14;43.00;43.67;42.835;43.555;1897545
FR0000125007;27/03/14;43.39;43.745;43.215;43.42;1214708
FR0000125007;28/03/14;43.50;43.73;43.455;43.65;1119032
FR0000125007;31/03/14;43.855;44.26;43.825;43.85;1552649
FR0000125007;01/04/14;43.85;45.81;43.775;45.36;2364550
FR0000125007;02/04/14;45.32;45.40;44.625;44.94;1837181
FR0000125007;03/04/14;44.81;46.075;44.76;45.765;1989834
FR0000125007;04/04/14;45.615;46.395;45.375;46.00;1935666
FR0000125007;07/04/14;45.52;46.085;45.33;45.375;1621375
FR0000125007;08/04/14;44.665;44.84;43.62;44.00;3770614
FR0000125007;09/04/14;44.00;44.335;43.865;44.00;1669198
FR0000125007;10/04/14;44.155;44.405;43.71;43.79;1701541
FR0000125007;11/04/14;43.385;43.83;43.045;43.65;1869246
FR0000125007;14/04/14;43.36;43.545;42.29;42.52;1895963
FR0000125007;15/04/14;42.51;42.865;41.975;42.065;1792416
FR0000125007;16/04/14;42.595;43.42;42.59;43.39;1702448
FR0000125007;17/04/14;43.64;44.24;43.595;44.10;1725920
FR0000125007;22/04/14;44.415;44.48;44.075;44.43;1634144
FR0000125007;23/04/14;44.29;44.47;43.97;43.97;1275118
FR0000125007;24/04/14;44.045;44.355;43.475;43.98;1696028
FR0000125007;25/04/14;43.89;44.115;43.215;43.51;1262595
FR0000125007;28/04/14;43.775;44.14;43.445;43.78;1169264
FR0000125007;29/04/14;44.00;44.235;43.535;44.15;1438395
FR0000125007;30/04/14;44.83;45.15;43.54;44.02;1428794
FR0000125007;02/05/14;44.04;44.355;43.90;44.135;1161909
FR0000125007;05/05/14;44.16;44.16;43.285;44.14;877898
FR0000125007;06/05/14;44.20;44.30;43.43;43.665;902331
FR0000125007;07/05/14;41.95;42.355;41.52;42.22;4560833
FR0000125007;08/05/14;42.455;42.785;42.21;42.70;2377662
FR0000125007;09/05/14;42.67;42.89;42.44;42.685;1343714
FR0000125007;12/05/14;42.935;43.01;42.71;42.86;1547110
FR0000125007;13/05/14;42.99;43.17;42.785;42.90;1616047
FR0000125007;14/05/14;43.055;43.20;42.765;42.85;1669340
FR0000125007;15/05/14;42.87;42.945;41.83;42.22;3153739
FR0000125007;16/05/14;42.22;42.33;41.02;41.445;2219439
FR0000125007;19/05/14;41.475;41.675;40.93;41.60;1354680
FR0000125007;20/05/14;41.625;41.745;41.505;41.62;1591920
FR0000125007;21/05/14;41.50;41.94;41.31;41.90;1544768
FR0000125007;22/05/14;41.915;42.00;41.295;41.68;1599885
FR0000125007;23/05/14;41.845;42.12;41.615;42.065;1098662
FR0000125007;26/05/14;42.215;42.28;42.065;42.215;982353
FR0000125007;27/05/14;42.29;42.425;42.125;42.255;1533888
FR0000125007;28/05/14;42.38;42.38;41.785;41.955;1777800
FR0000125007;29/05/14;41.95;42.125;41.89;42.05;1155010
FR0000125007;30/05/14;42.02;42.185;41.715;41.795;3447959
FR0000125007;02/06/14;42.175;42.175;41.765;41.935;1034651
FR0000125007;03/06/14;41.995;42.04;41.725;41.975;1133836
FR0000125007;04/06/14;41.795;42.125;41.75;42.06;1976749
FR0000125007;05/06/14;42.31;43.195;42.055;43.195;3172867
FR0000125007;06/06/14;43.43;44.71;43.275;44.665;3764647
FR0000125007;09/06/14;44.775;44.925;44.555;44.625;1049401
FR0000125007;10/06/14;44.68;45.00;44.54;44.855;1695118
FR0000125007;11/06/14;43.44;43.58;42.705;42.77;2140222
FR0000125007;12/06/14;43.00;43.26;42.72;42.745;1239977
FR0000125007;13/06/14;42.75;42.75;41.92;42.37;1195154
FR0000125007;16/06/14;42.28;42.43;41.76;41.83;1067981
FR0000125007;17/06/14;42.185;42.365;41.855;42.225;1411645
FR0000125007;18/06/14;42.17;42.55;42.075;42.515;1179664
FR0000125007;19/06/14;43.135;44.315;43.135;44.15;2826560
FR0000125007;20/06/14;44.00;44.40;43.305;43.37;3935467
FR0000125007;23/06/14;43.42;43.46;42.505;42.515;1577178
FR0000125007;24/06/14;42.705;42.765;42.275;42.425;1057890
FR0000125007;25/06/14;42.30;42.315;41.36;41.615;1922444
FR0000125007;26/06/14;41.81;42.115;41.31;41.695;1341345
FR0000125007;27/06/14;41.825;41.905;41.205;41.325;1141576
FR0000125007;30/06/14;41.43;41.60;40.785;41.205;1168627
FR0000125007;01/07/14;41.40;41.455;40.655;41.30;1808585
FR0000125007;02/07/14;41.38;41.67;41.135;41.53;1445885
FR0000125007;03/07/14;41.435;42.575;41.33;42.385;2021107
FR0000125007;04/07/14;42.42;42.42;42.04;42.04;676905
FR0000125007;07/07/14;41.75;41.90;40.75;40.775;1618803
FR0000125007;08/07/14;40.955;40.975;39.01;39.39;2969507
FR0000125007;09/07/14;39.63;39.73;39.11;39.635;1685140
FR0000125007;10/07/14;39.71;39.715;37.765;38.305;3073727
FR0000125007;11/07/14;37.80;38.365;37.39;37.485;2231479
FR0000125007;14/07/14;37.69;38.245;37.61;37.93;1469763
FR0000125007;15/07/14;38.285;38.71;37.835;37.87;2216207
FR0000125007;16/07/14;38.00;38.555;37.81;38.535;1621287
FR0000125007;17/07/14;38.605;38.99;38.05;38.08;1718469
FR0000125007;18/07/14;38.10;38.155;37.61;38.105;1776603
FR0000125007;21/07/14;38.155;38.155;37.125;37.20;1631781
FR0000125007;22/07/14;37.42;38.08;37.24;37.95;2077928
FR0000125007;23/07/14;37.96;38.21;37.675;37.72;1322623
FR0000125007;24/07/14;37.81;37.90;37.275;37.60;1608787
FR0000125007;25/07/14;37.445;37.845;37.105;37.13;1717853
FR0000125007;28/07/14;37.27;37.325;36.585;36.935;1355124
FR0000125007;29/07/14;37.00;37.565;36.72;37.295;1995188
FR0000125007;30/07/14;37.33;37.575;36.875;37.00;1637502
FR0000125007;31/07/14;38.00;38.18;36.34;36.425;2750796
FR0000125007;01/08/14;36.41;36.41;35.035;35.635;3457542
FR0000125007;04/08/14;35.915;36.24;35.625;36.00;2079008
FR0000125007;05/08/14;36.15;36.305;35.85;36.06;1830498
FR0000125007;06/08/14;35.81;36.17;35.46;36.04;2006620
FR0000125007;07/08/14;36.00;36.12;35.65;35.685;2612013
FR0000125007;08/08/14;35.27;35.65;35.175;35.47;2784343
FR0000125007;11/08/14;35.945;36.89;35.675;36.545;2691662
FR0000125007;12/08/14;36.455;36.57;35.775;35.84;1823720
FR0000125007;13/08/14;36.15;36.495;36.06;36.395;1326964
FR0000125007;14/08/14;36.155;36.675;36.02;36.15;1253025
FR0000125007;15/08/14;36.255;36.845;35.805;35.865;1909710
FR0000125007;18/08/14;36.415;36.72;36.31;36.69;1124433
FR0000125007;19/08/14;36.95;37.48;36.845;37.435;1816156
FR0000125007;20/08/14;37.365;37.69;37.12;37.35;1677481
FR0000125007;21/08/14;37.36;38.22;37.25;38.16;1634289
FR0000125007;22/08/14;38.20;38.37;37.565;37.765;1915530
FR0000125007;25/08/14;38.325;38.83;38.17;38.83;1494329
FR0000125007;26/08/14;38.73;39.185;38.595;39.115;1337941
FR0000125007;27/08/14;39.00;39.21;38.785;38.955;1118813
FR0000125007;28/08/14;38.755;38.935;38.185;38.57;1797933
FR0000125007;29/08/14;38.725;38.82;38.335;38.63;1474858
FR0000125007;01/09/14;38.76;38.915;38.26;38.41;960134
FR0000125007;02/09/14;38.585;38.855;38.43;38.54;1011995
FR0000125007;03/09/14;38.50;38.915;38.245;38.52;1886499
FR0000125007;04/09/14;38.185;39.535;37.98;39.38;2750666
FR0000125007;05/09/14;39.275;39.49;38.85;38.99;2182095
FR0000125007;08/09/14;39.015;39.21;38.845;38.93;1094366
FR0000125007;09/09/14;38.82;39.05;38.45;38.465;1035929
FR0000125007;10/09/14;38.395;38.51;38.13;38.30;1121019
FR0000125007;11/09/14;38.435;38.50;37.26;37.52;1987460
FR0000125007;12/09/14;37.71;37.715;37.125;37.365;1251750
FR0000125007;15/09/14;37.33;37.33;36.875;36.925;1507924
FR0000125007;16/09/14;36.985;36.985;36.60;36.75;1175772
FR0000125007;17/09/14;37.06;37.52;37.06;37.24;1957660
FR0000125007;18/09/14;37.225;37.79;37.125;37.635;1622456
FR0000125007;19/09/14;38.095;38.365;37.46;37.545;3383091
FR0000125007;22/09/14;37.385;37.50;36.94;37.01;1292434
FR0000125007;23/09/14;37.00;37.05;35.82;35.865;2601423
FR0000125007;24/09/14;35.82;36.59;35.68;36.50;1787801
FR0000125007;25/09/14;36.42;36.49;35.46;35.585;2230712
FR0000125007;26/09/14;35.60;36.205;35.39;36.00;1643957
FR0000125007;29/09/14;35.96;36.23;35.655;35.835;1269884
FR0000125007;30/09/14;35.96;36.445;35.75;36.235;2292663
FR0000125007;01/10/14;36.185;36.705;35.90;36.21;2393512
FR0000125007;02/10/14;36.075;36.075;34.535;34.535;4034638
FR0000125007;03/10/14;34.80;34.845;33.515;33.805;3832652
FR0000125007;06/10/14;34.20;34.585;33.89;34.175;3665598
FR0000125007;07/10/14;34.00;34.01;33.17;33.215;3529921
FR0000125007;08/10/14;33.095;33.275;32.38;32.545;3449744
FR0000125007;09/10/14;33.155;33.30;32.37;32.40;3031292
FR0000125007;10/10/14;32.205;32.275;31.61;31.65;3183991
FR0000125007;13/10/14;31.40;32.40;31.28;31.935;2149691
FR0000125007;14/10/14;31.745;32.765;31.665;32.545;2936277
FR0000125007;15/10/14;32.48;32.75;30.915;31.145;3824873
FR0000125007;16/10/14;31.305;31.615;29.51;31.395;4917271
FR0000125007;17/10/14;31.395;32.945;31.255;32.865;4295602
FR0000125007;20/10/14;32.825;32.895;32.185;32.335;2557622
FR0000125007;21/10/14;32.16;33.41;32.075;33.25;2398670
FR0000125007;22/10/14;33.25;33.66;33.105;33.395;2426025
FR0000125007;23/10/14;33.10;33.71;32.68;33.59;2096632
FR0000125007;24/10/14;33.50;33.70;33.065;33.40;2277301
FR0000125007;27/10/14;33.95;33.955;32.12;32.68;2567722
FR0000125007;28/10/14;33.25;33.72;33.175;33.54;2313857
FR0000125007;29/10/14;33.81;34.07;33.325;33.46;1823339
FR0000125007;30/10/14;33.94;33.95;32.465;33.265;2638731
FR0000125007;31/10/14;33.85;34.435;33.605;34.245;2783941
FR0000125007;03/11/14;34.26;34.545;33.98;34.065;1465035
FR0000125007;04/11/14;34.02;34.43;33.455;33.665;1826115
FR0000125007;05/11/14;34.00;34.465;33.855;34.375;1603216
FR0000125007;06/11/14;34.30;35.315;34.165;34.855;2428647
FR0000125007;07/11/14;34.965;35.035;34.17;34.465;1742254
FR0000125007;10/11/14;34.405;35.065;34.23;35.015;1414134
FR0000125007;11/11/14;35.17;35.17;34.695;34.92;1106190
FR0000125007;12/11/14;34.825;34.91;34.035;34.13;1416653
FR0000125007;13/11/14;34.365;34.63;33.575;33.96;1594740
FR0000125007;14/11/14;34.105;34.12;33.59;33.895;1483642
FR0000125007;17/11/14;33.51;34.155;33.44;34.11;1260888
FR0000125007;18/11/14;34.125;35.04;34.12;34.88;2206965
FR0000125007;19/11/14;34.975;35.195;34.415;35.025;1179618
FR0000125007;20/11/14;35.00;35.01;34.035;34.41;1994751
FR0000125007;21/11/14;34.58;36.365;34.56;36.22;3868626
FR0000125007;24/11/14;36.28;37.11;36.135;36.39;2617284
FR0000125007;25/11/14;36.375;37.11;36.29;36.995;2724393
FR0000125007;26/11/14;36.995;37.115;36.345;36.465;1769924
FR0000125007;27/11/14;36.535;36.735;36.035;36.69;1145360
FR0000125007;28/11/14;36.79;36.94;36.455;36.94;1764129
FR0000125007;01/12/14;36.565;36.945;36.335;36.815;1253063
FR0000125007;02/12/14;37.00;37.345;36.54;36.685;1540391
FR0000125007;03/12/14;36.565;36.795;36.475;36.55;1687644
FR0000125007;04/12/14;36.71;37.26;35.735;35.87;2699682
FR0000125007;05/12/14;36.31;37.61;36.205;37.235;3170575
FR0000125007;08/12/14;36.20;36.20;34.655;34.91;6153587
FR0000125007;09/12/14;34.60;34.655;33.56;33.66;4092581
FR0000125007;10/12/14;33.79;34.03;33.265;33.53;2637826
FR0000125007;11/12/14;33.365;33.735;32.855;32.96;2694964
FR0000125007;12/12/14;32.755;33.69;32.46;32.485;3746197
FR0000125007;15/12/14;32.375;33.47;32.00;32.05;3832600
FR0000125007;16/12/14;32.255;33.585;31.83;33.51;5448540
FR0000125007;17/12/14;33.13;33.82;32.79;33.575;2500432
FR0000125007;18/12/14;34.30;35.32;34.17;35.145;3875711
FR0000125007;19/12/14;35.435;35.71;34.76;34.855;3792887
FR0000125007;22/12/14;35.00;35.395;34.655;34.78;1228092
FR0000125007;23/12/14;34.915;35.625;34.77;35.585;1509943
FR0000125007;24/12/14;35.69;35.73;35.38;35.53;244194
FR0000125007;29/12/14;35.395;35.715;35.115;35.65;1327660
FR0000125007;30/12/14;35.50;35.71;34.97;34.97;996230
FR0000125007;31/12/14;35.25;35.43;34.965;35.23;271301
FR0000125007;02/01/15;35.585;35.72;34.88;35.165;1014438
FR0000125007;05/01/15;34.895;35.595;33.59;33.65;2845756
FR0000125007;06/01/15;33.85;34.00;33.03;33.115;2684524
FR0000125007;07/01/15;33.325;33.915;32.935;33.025;2129441
FR0000125007;08/01/15;33.585;34.47;33.29;34.36;2304921
FR0000125007;09/01/15;34.345;34.785;33.495;33.83;1960746
FR0000125007;12/01/15;34.03;34.415;33.48;33.99;1218469
FR0000125007;13/01/15;33.705;34.77;33.56;34.51;1714162
FR0000125007;14/01/15;33.855;34.51;33.47;33.545;2725239
FR0000125007;15/01/15;33.795;34.13;32.36;33.385;4841550
FR0000125007;16/01/15;33.135;33.66;32.535;33.435;4809468
FR0000125007;19/01/15;33.67;34.04;33.395;33.975;2299519
FR0000125007;20/01/15;34.03;35.125;34.015;35.00;3483747
FR0000125007;21/01/15;35.125;36.19;34.965;36.13;4085568
FR0000125007;22/01/15;36.20;38.16;36.13;37.975;5726878
FR0000125007;23/01/15;38.32;39.49;38.21;38.535;4551238
FR0000125007;26/01/15;38.225;38.415;37.715;38.315;2967352
FR0000125007;27/01/15;38.205;38.415;37.35;37.725;2367272
FR0000125007;28/01/15;38.22;38.25;37.18;38.005;1900749
FR0000125007;29/01/15;37.70;38.295;37.38;38.175;1785279
FR0000125007;30/01/15;38.31;38.405;37.65;37.93;1581262
FR0000125007;02/02/15;37.965;38.135;37.035;37.64;3223607
FR0000125007;03/02/15;37.955;38.875;37.90;38.785;2590022
FR0000125007;04/02/15;38.61;38.755;38.35;38.755;1834621
FR0000125007;05/02/15;38.225;39.05;38.015;38.985;1495733
FR0000125007;06/02/15;39.095;39.095;38.22;38.55;1620476
FR0000125007;09/02/15;38.15;38.37;37.765;38.25;1659766
FR0000125007;10/02/15;38.46;39.095;38.335;38.815;1566158
FR0000125007;11/02/15;38.73;38.81;38.19;38.34;1346863
FR0000125007;12/02/15;38.20;39.47;38.155;39.18;2273385
FR0000125007;13/02/15;39.50;39.98;39.175;39.79;2615414
FR0000125007;16/02/15;39.74;40.37;39.59;40.27;2012240
FR0000125007;17/02/15;40.10;40.54;39.55;40.265;1637437
FR0000125007;18/02/15;40.52;40.88;40.23;40.81;1444411
FR0000125007;19/02/15;40.665;41.65;40.40;41.26;2456181
FR0000125007;20/02/15;41.09;41.525;40.795;41.505;2486071
FR0000125007;23/02/15;41.89;41.95;41.33;41.64;1461632
FR0000125007;24/02/15;41.635;41.90;41.085;41.615;1963139
FR0000125007;25/02/15;41.615;41.695;40.69;41.145;2085600
FR0000125007;26/02/15;40.22;40.755;39.73;40.30;2979410
FR0000125007;27/02/15;40.175;40.46;39.74;40.235;3668563
FR0000125007;02/03/15;40.16;40.635;39.725;39.875;2953254
FR0000125007;03/03/15;39.875;40.225;39.13;39.22;2301108
FR0000125007;04/03/15;39.285;39.465;38.755;39.465;2411782
FR0000125007;05/03/15;39.735;40.09;39.265;39.985;2502088
FR0000125007;06/03/15;40.00;40.77;39.865;40.23;2512663
