258
FR0000124711;03/03/14;188.00;189.80;187.65;188.30;352623
FR0000124711;04/03/14;190.75;195.40;189.60;195.25;449363
FR0000124711;05/03/14;194.45;195.00;193.15;193.70;340777
FR0000124711;06/03/14;193.65;196.25;193.60;196.15;305389
FR0000124711;07/03/14;196.40;197.20;195.20;195.60;396942
FR0000124711;10/03/14;195.45;196.25;191.60;192.70;339509
FR0000124711;11/03/14;193.40;193.40;189.30;190.00;339478
FR0000124711;12/03/14;188.50;189.65;186.95;187.50;293000
FR0000124711;13/03/14;188.20;189.70;187.10;187.85;298413
FR0000124711;14/03/14;186.60;187.30;183.00;185.55;509796
FR0000124711;17/03/14;185.75;187.85;185.15;187.50;203186
FR0000124711;18/03/14;186.90;189.90;186.15;188.45;261177
FR0000124711;19/03/14;188.10;189.10;187.35;187.55;248512
FR0000124711;20/03/14;186.35;187.15;183.85;185.00;503143
FR0000124711;21/03/14;185.75;189.50;185.00;188.70;763180
FR0000124711;24/03/14;187.20;188.55;185.65;186.15;296207
FR0000124711;25/03/14;187.30;190.55;186.95;190.25;310173
FR0000124711;26/03/14;191.05;191.20;188.90;189.50;357005
FR0000124711;27/03/14;189.45;191.70;189.35;191.20;226073
FR0000124711;28/03/14;191.00;191.75;190.35;191.20;251135
FR0000124711;31/03/14;191.95;192.00;188.35;188.50;349504
FR0000124711;01/04/14;188.60;189.75;186.95;187.65;278729
FR0000124711;02/04/14;188.20;190.00;187.55;189.70;205490
FR0000124711;03/04/14;190.05;190.20;188.35;188.75;161059
FR0000124711;04/04/14;189.20;190.45;188.60;190.25;197827
FR0000124711;07/04/14;189.00;192.00;188.90;192.00;275548
FR0000124711;08/04/14;192.25;192.75;190.55;191.85;264397
FR0000124711;09/04/14;192.40;193.00;191.65;191.75;195665
FR0000124711;10/04/14;192.45;193.20;191.35;192.40;225129
FR0000124711;11/04/14;191.85;192.15;189.05;189.05;402596
FR0000124711;14/04/14;188.30;189.55;187.20;188.05;301273
FR0000124711;15/04/14;188.45;189.35;187.50;187.55;266841
FR0000124711;16/04/14;189.45;190.45;188.65;189.65;283680
FR0000124711;17/04/14;190.45;191.75;189.20;190.30;250128
FR0000124711;22/04/14;191.80;191.95;190.70;191.00;290298
FR0000124711;23/04/14;192.10;194.00;191.80;192.80;351222
FR0000124711;24/04/14;193.95;195.00;190.70;192.70;308005
FR0000124711;25/04/14;192.45;193.30;191.65;192.40;265927
FR0000124711;28/04/14;193.25;194.00;192.40;193.65;204470
FR0000124711;29/04/14;194.00;195.10;193.70;194.95;225582
FR0000124711;30/04/14;194.50;195.40;193.50;194.45;182537
FR0000124711;02/05/14;195.15;196.25;193.75;194.40;261670
FR0000124711;05/05/14;194.55;195.85;191.60;195.80;170793
FR0000124711;06/05/14;196.85;197.15;195.05;195.85;260380
FR0000124711;07/05/14;195.00;198.55;195.00;198.30;379270
FR0000124711;08/05/14;199.00;202.20;198.30;202.15;410508
FR0000124711;09/05/14;201.00;203.90;201.00;202.35;333577
FR0000124711;12/05/14;196.50;196.80;193.95;195.45;446262
FR0000124711;13/05/14;195.85;198.85;195.85;198.50;285465
FR0000124711;14/05/14;198.50;199.40;197.90;198.80;278250
FR0000124711;15/05/14;198.25;199.50;196.05;196.70;297166
FR0000124711;16/05/14;197.95;198.30;195.75;197.90;452576
FR0000124711;19/05/14;198.60;199.65;197.90;198.95;247699
FR0000124711;20/05/14;199.00;199.75;196.95;197.75;165180
FR0000124711;21/05/14;198.50;200.95;197.15;199.30;255665
FR0000124711;22/05/14;199.70;199.80;197.60;198.45;194592
FR0000124711;23/05/14;198.60;200.00;197.25;199.50;241992
FR0000124711;26/05/14;200.50;201.15;199.50;200.45;96629
FR0000124711;27/05/14;200.30;202.00;199.75;202.00;205786
FR0000124711;28/05/14;201.35;203.50;200.70;203.00;225688
FR0000124711;29/05/14;202.75;203.10;202.15;203.10;104487
FR0000124711;30/05/14;203.60;205.50;202.95;205.10;317875
FR0000124711;02/06/14;206.40;206.90;205.30;206.35;205766
FR0000124711;03/06/14;205.90;207.65;205.40;207.10;192288
FR0000124711;04/06/14;207.05;208.55;206.35;207.30;202595
FR0000124711;05/06/14;206.90;208.60;205.20;208.00;271617
FR0000124711;06/06/14;208.45;212.85;207.30;212.25;343741
FR0000124711;09/06/14;212.00;212.40;210.45;211.15;222221
FR0000124711;10/06/14;211.40;211.75;209.70;211.20;229858
FR0000124711;11/06/14;211.20;212.40;209.20;211.80;296883
FR0000124711;12/06/14;211.80;213.10;210.90;211.85;187143
FR0000124711;13/06/14;211.40;212.30;209.45;210.85;202318
FR0000124711;16/06/14;210.65;210.95;208.85;209.70;169841
FR0000124711;17/06/14;210.55;211.00;207.90;208.70;301079
FR0000124711;18/06/14;209.45;210.25;207.45;207.45;290374
FR0000124711;19/06/14;208.85;210.95;207.85;210.40;382504
FR0000124711;20/06/14;209.90;212.20;209.60;210.10;446580
FR0000124711;23/06/14;210.65;212.45;208.20;210.60;262204
FR0000124711;24/06/14;211.35;212.80;210.95;212.70;215665
FR0000124711;25/06/14;212.30;213.00;210.25;211.55;241271
FR0000124711;26/06/14;212.30;213.00;210.90;212.00;251166
FR0000124711;27/06/14;213.20;213.40;212.20;212.60;186386
FR0000124711;30/06/14;212.15;213.35;211.30;212.45;317938
FR0000124711;01/07/14;212.15;213.55;210.75;213.10;206490
FR0000124711;02/07/14;211.75;212.90;210.90;212.30;230836
FR0000124711;03/07/14;212.30;213.70;211.10;212.00;290186
FR0000124711;04/07/14;211.70;212.20;209.80;209.80;213911
FR0000124711;07/07/14;209.80;210.30;207.50;207.75;213967
FR0000124711;08/07/14;208.70;208.70;204.55;204.55;266646
FR0000124711;09/07/14;205.50;207.20;204.45;206.95;222309
FR0000124711;10/07/14;206.50;207.40;204.05;205.25;302251
FR0000124711;11/07/14;205.75;206.10;205.05;205.85;142702
FR0000124711;14/07/14;205.45;208.10;205.30;207.05;152152
FR0000124711;15/07/14;206.40;206.65;204.75;205.00;225234
FR0000124711;16/07/14;206.00;207.50;205.40;205.90;255753
FR0000124711;17/07/14;205.05;207.80;204.40;206.00;241834
FR0000124711;18/07/14;206.00;206.35;203.30;205.30;308913
FR0000124711;21/07/14;205.10;205.30;202.60;203.50;182349
FR0000124711;22/07/14;203.50;205.45;203.50;205.10;233360
FR0000124711;23/07/14;205.00;206.40;203.95;205.25;243382
FR0000124711;24/07/14;204.50;205.60;203.15;204.65;244093
FR0000124711;25/07/14;204.80;205.35;200.05;200.65;239982
FR0000124711;28/07/14;201.65;202.70;198.85;202.45;265487
FR0000124711;29/07/14;203.55;207.25;202.95;205.45;349275
FR0000124711;30/07/14;206.00;207.25;203.90;204.40;275114
FR0000124711;31/07/14;204.15;204.55;200.35;200.65;362467
FR0000124711;01/08/14;200.35;200.70;196.50;196.70;372442
FR0000124711;04/08/14;197.90;197.90;193.00;193.40;355383
FR0000124711;05/08/14;194.10;196.40;194.00;195.15;295425
FR0000124711;06/08/14;193.90;194.30;190.55;193.20;302663
FR0000124711;07/08/14;193.50;194.20;187.90;188.00;801472
FR0000124711;08/08/14;187.00;192.30;187.00;191.70;617141
FR0000124711;11/08/14;193.50;196.05;192.25;195.50;317281
FR0000124711;12/08/14;195.50;195.90;193.90;195.15;281031
FR0000124711;13/08/14;195.75;197.05;195.05;195.95;244408
FR0000124711;14/08/14;194.95;199.25;194.90;198.65;416972
FR0000124711;15/08/14;198.40;199.65;195.90;196.05;467552
FR0000124711;18/08/14;197.55;199.20;197.15;197.45;198053
FR0000124711;19/08/14;198.05;199.35;197.65;199.00;157794
FR0000124711;20/08/14;198.65;199.95;197.65;197.85;161487
FR0000124711;21/08/14;198.40;198.75;197.10;198.30;229332
FR0000124711;22/08/14;198.80;198.80;196.10;197.25;153638
FR0000124711;25/08/14;199.65;203.55;199.15;203.35;308249
FR0000124711;26/08/14;202.45;206.70;202.40;206.20;346911
FR0000124711;27/08/14;206.25;206.60;205.05;205.15;229501
FR0000124711;28/08/14;205.45;205.55;202.35;203.90;235682
FR0000124711;29/08/14;204.90;205.30;202.50;204.40;226827
FR0000124711;01/09/14;204.80;204.95;202.95;204.05;115222
FR0000124711;02/09/14;204.10;204.55;202.45;203.20;159809
FR0000124711;03/09/14;204.10;204.60;202.55;203.90;275383
FR0000124711;04/09/14;204.15;206.40;202.75;205.55;408795
FR0000124711;05/09/14;204.55;206.30;203.30;206.20;209231
FR0000124711;08/09/14;207.15;208.75;206.55;207.95;254679
FR0000124711;09/09/14;208.00;208.30;205.75;206.80;220375
FR0000124711;10/09/14;206.45;207.65;205.95;207.40;289014
FR0000124711;11/09/14;208.10;208.35;206.65;207.60;231788
FR0000124711;12/09/14;207.85;208.20;206.30;207.10;206828
FR0000124711;15/09/14;206.95;207.15;205.35;205.80;205572
FR0000124711;16/09/14;206.15;206.15;203.05;203.75;190237
FR0000124711;17/09/14;204.05;205.35;203.85;205.05;237669
FR0000124711;18/09/14;204.45;205.55;203.70;205.00;251337
FR0000124711;19/09/14;206.70;206.90;204.30;204.30;636679
FR0000124711;22/09/14;204.30;204.80;203.35;204.50;166513
FR0000124711;23/09/14;204.65;204.65;201.50;202.25;287537
FR0000124711;24/09/14;203.10;204.25;201.90;204.25;302572
FR0000124711;25/09/14;203.55;204.30;199.95;200.10;322252
FR0000124711;26/09/14;200.80;203.55;198.85;202.25;323868
FR0000124711;29/09/14;202.15;203.00;200.15;200.95;218789
FR0000124711;30/09/14;202.15;204.35;201.30;203.70;392441
FR0000124711;01/10/14;204.20;206.25;201.80;201.95;353385
FR0000124711;02/10/14;201.50;201.95;197.85;197.85;457549
FR0000124711;03/10/14;198.35;199.70;197.85;198.75;271430
FR0000124711;06/10/14;200.45;200.95;199.00;199.50;230041
FR0000124711;07/10/14;198.30;199.10;195.25;195.40;409092
FR0000124711;08/10/14;195.00;195.55;193.75;194.45;310098
FR0000124711;09/10/14;196.00;197.10;193.20;193.90;331916
FR0000124711;10/10/14;192.90;194.40;191.40;193.10;429510
FR0000124711;13/10/14;191.20;194.30;191.05;194.15;365767
FR0000124711;14/10/14;192.40;193.75;191.00;193.00;393803
FR0000124711;15/10/14;192.35;192.45;186.05;186.15;694819
FR0000124711;16/10/14;187.65;188.30;180.70;186.85;823344
FR0000124711;17/10/14;186.85;189.60;185.65;189.30;866895
FR0000124711;20/10/14;188.45;189.55;187.20;189.15;373880
FR0000124711;21/10/14;188.80;194.40;188.15;194.35;393231
FR0000124711;22/10/14;194.30;194.35;192.50;193.35;395583
FR0000124711;23/10/14;192.90;196.50;192.15;195.45;359658
FR0000124711;24/10/14;194.10;196.15;193.60;195.05;252847
FR0000124711;27/10/14;197.30;197.30;192.85;193.70;285630
FR0000124711;28/10/14;195.35;199.00;194.15;198.75;372479
FR0000124711;29/10/14;198.50;200.30;198.40;199.20;268476
FR0000124711;30/10/14;200.05;200.10;195.05;199.55;297420
FR0000124711;31/10/14;201.20;204.45;201.05;204.45;472501
FR0000124711;03/11/14;204.00;204.65;201.85;202.10;229492
FR0000124711;04/11/14;202.45;203.95;201.35;201.60;341520
FR0000124711;05/11/14;203.60;205.25;203.10;204.55;299025
FR0000124711;06/11/14;203.45;206.00;202.30;204.40;378533
FR0000124711;07/11/14;204.95;205.05;200.25;201.50;298749
FR0000124711;10/11/14;201.30;202.95;200.30;201.75;268183
FR0000124711;11/11/14;202.70;204.30;202.35;202.85;213943
FR0000124711;12/11/14;201.85;202.30;199.10;199.20;300845
FR0000124711;13/11/14;200.65;202.15;199.25;201.25;263083
FR0000124711;14/11/14;202.50;202.85;201.00;201.75;173530
FR0000124711;17/11/14;199.80;201.90;198.80;201.20;241071
FR0000124711;18/11/14;202.00;203.80;201.55;203.40;228512
FR0000124711;19/11/14;203.90;204.50;202.85;202.85;216273
FR0000124711;20/11/14;203.30;203.80;200.30;201.05;243263
FR0000124711;21/11/14;201.25;205.45;200.90;204.90;537636
FR0000124711;24/11/14;205.90;208.10;205.25;206.95;295253
FR0000124711;25/11/14;207.40;209.05;205.95;207.35;285445
FR0000124711;26/11/14;207.40;208.30;206.20;206.45;185919
FR0000124711;27/11/14;206.75;211.35;206.75;210.80;226723
FR0000124711;28/11/14;211.50;212.75;210.70;212.50;350945
FR0000124711;01/12/14;212.15;213.25;210.30;211.10;252684
FR0000124711;02/12/14;211.65;213.80;211.15;213.30;251901
FR0000124711;03/12/14;213.05;214.30;212.15;212.55;215782
FR0000124711;04/12/14;213.55;213.95;208.25;208.75;440250
FR0000124711;05/12/14;210.60;211.35;209.70;210.15;323493
FR0000124711;08/12/14;209.50;209.70;207.90;208.45;223181
FR0000124711;09/12/14;206.55;209.55;204.80;204.80;379186
FR0000124711;10/12/14;206.05;206.95;204.25;204.70;333012
FR0000124711;11/12/14;204.60;206.15;203.35;205.30;347906
FR0000124711;12/12/14;205.00;205.80;201.05;201.20;436975
FR0000124711;15/12/14;202.40;202.40;196.25;196.30;437157
FR0000124711;16/12/14;196.55;198.25;193.05;198.00;659715
FR0000124711;17/12/14;196.70;199.45;196.00;198.65;408811
FR0000124711;18/12/14;200.60;206.10;199.85;206.10;597180
FR0000124711;19/12/14;207.70;210.25;206.35;210.10;895063
FR0000124711;22/12/14;210.50;213.00;209.90;213.00;321616
FR0000124711;23/12/14;213.10;214.70;210.85;214.70;266444
FR0000124711;24/12/14;214.40;215.20;212.65;212.65;66738
FR0000124711;29/12/14;214.45;215.30;212.90;215.30;204157
FR0000124711;30/12/14;214.75;214.80;211.30;211.30;166382
FR0000124711;31/12/14;212.70;214.10;212.15;212.85;52775
FR0000124711;02/01/15;214.45;215.00;210.55;211.55;198876
FR0000124711;05/01/15;210.20;213.65;209.85;209.85;453117
FR0000124711;06/01/15;211.20;212.10;209.10;210.15;359689
FR0000124711;07/01/15;211.90;215.05;210.20;213.15;352213
FR0000124711;08/01/15;215.00;221.10;214.70;221.10;465504
FR0000124711;09/01/15;219.50;220.30;215.75;217.00;467848
FR0000124711;12/01/15;217.55;221.20;217.45;220.40;320395
FR0000124711;13/01/15;219.45;224.95;219.05;224.60;369328
FR0000124711;14/01/15;221.45;228.20;220.70;224.80;490916
FR0000124711;15/01/15;225.45;230.85;219.25;230.30;757213
FR0000124711;16/01/15;229.60;241.65;228.55;240.95;927102
FR0000124711;19/01/15;241.15;241.50;237.40;238.40;532907
FR0000124711;20/01/15;240.10;242.05;237.75;238.35;582859
FR0000124711;21/01/15;238.00;238.10;232.70;235.20;735315
FR0000124711;22/01/15;236.40;241.90;233.95;241.10;614478
FR0000124711;23/01/15;242.05;250.45;241.65;250.05;877232
FR0000124711;26/01/15;248.10;252.50;247.65;251.95;457518
FR0000124711;27/01/15;252.55;253.05;242.85;244.85;471051
FR0000124711;28/01/15;247.70;248.70;243.10;244.10;466590
FR0000124711;29/01/15;239.00;251.95;236.30;251.35;764168
FR0000124711;30/01/15;250.80;254.75;248.10;250.10;613648
FR0000124711;02/02/15;251.85;255.40;250.55;255.40;465973
FR0000124711;03/02/15;256.30;260.05;255.00;259.10;551644
FR0000124711;04/02/15;260.00;260.15;254.25;257.35;504847
FR0000124711;05/02/15;254.95;258.85;254.45;258.60;348711
FR0000124711;06/02/15;258.00;259.45;255.90;256.45;305590
FR0000124711;09/02/15;254.50;254.55;248.55;250.50;432516
FR0000124711;10/02/15;251.40;256.35;248.20;254.10;351383
FR0000124711;11/02/15;253.80;254.25;250.00;252.80;193646
FR0000124711;12/02/15;253.50;258.20;252.35;255.15;268493
FR0000124711;13/02/15;257.65;258.05;255.10;256.30;264867
FR0000124711;16/02/15;256.55;257.25;255.10;255.90;153890
FR0000124711;17/02/15;254.60;256.20;251.15;256.20;245294
FR0000124711;18/02/15;256.20;257.50;252.75;253.75;378771
FR0000124711;19/02/15;253.35;258.85;252.70;258.85;275167
FR0000124711;20/02/15;258.50;258.50;252.15;255.85;490178
FR0000124711;23/02/15;259.60;260.00;256.00;259.00;274859
FR0000124711;24/02/15;258.40;261.95;257.70;260.25;290585
FR0000124711;25/02/15;260.95;261.90;256.50;258.05;311386
FR0000124711;26/02/15;258.80;260.70;256.70;260.45;239258
FR0000124711;27/02/15;260.75;260.75;256.35;257.60;364471
FR0000124711;02/03/15;258.35;260.25;256.90;259.95;382332
FR0000124711;03/03/15;261.00;262.00;256.70;256.70;252847
FR0000124711;04/03/15;258.55;258.70;255.05;258.20;247723
FR0000124711;05/03/15;260.00;260.50;257.90;259.45;228567
FR0000124711;06/03/15;258.90;260.30;252.85;253.35;307448
