258
FR0000127771;03/03/14;20.50;20.675;20.34;20.37;8430869
FR0000127771;04/03/14;20.545;20.755;20.50;20.635;5849557
FR0000127771;05/03/14;20.57;20.74;20.52;20.565;4375797
FR0000127771;06/03/14;20.995;21.00;20.50;20.745;8616595
FR0000127771;07/03/14;20.785;20.815;20.295;20.31;8665428
FR0000127771;10/03/14;20.375;20.84;20.295;20.295;7730053
FR0000127771;11/03/14;20.38;20.475;20.125;20.165;8246712
FR0000127771;12/03/14;20.10;20.22;20.05;20.14;7742170
FR0000127771;13/03/14;20.24;20.39;19.86;19.87;8008304
FR0000127771;14/03/14;19.76;20.04;19.635;19.90;12926590
FR0000127771;17/03/14;19.95;20.135;19.87;20.13;5365345
FR0000127771;18/03/14;20.035;20.07;19.81;19.845;8198697
FR0000127771;19/03/14;19.80;19.82;19.63;19.70;6001831
FR0000127771;20/03/14;19.70;20.015;19.57;19.94;9959275
FR0000127771;21/03/14;20.065;20.135;19.65;19.67;9589778
FR0000127771;24/03/14;19.65;19.885;19.595;19.635;6546727
FR0000127771;25/03/14;19.605;19.735;19.55;19.60;7258929
FR0000127771;26/03/14;19.665;19.85;19.575;19.80;6468195
FR0000127771;27/03/14;19.82;19.99;19.73;19.925;4541692
FR0000127771;28/03/14;19.94;20.365;19.94;20.315;5641685
FR0000127771;31/03/14;20.40;20.50;20.105;20.22;5000580
FR0000127771;01/04/14;20.26;20.37;20.14;20.16;4795046
FR0000127771;02/04/14;20.15;20.24;20.065;20.185;4687350
FR0000127771;03/04/14;20.25;20.48;20.18;20.475;4581040
FR0000127771;04/04/14;20.495;20.76;20.315;20.555;6719396
FR0000127771;07/04/14;20.555;21.025;20.39;20.62;9371349
FR0000127771;08/04/14;20.585;20.62;19.845;19.95;8796813
FR0000127771;09/04/14;19.88;20.255;19.88;20.23;3927437
FR0000127771;10/04/14;20.185;20.25;20.045;20.13;3749767
FR0000127771;11/04/14;20.005;20.055;19.84;19.955;5537985
FR0000127771;14/04/14;19.87;20.16;19.81;20.095;4415670
FR0000127771;15/04/14;20.025;20.17;19.725;19.745;4528415
FR0000127771;16/04/14;19.96;20.065;19.855;20.00;2848986
FR0000127771;17/04/14;20.03;20.22;19.93;20.145;3656456
FR0000127771;22/04/14;20.155;20.30;20.125;20.165;3390979
FR0000127771;23/04/14;20.105;20.15;19.905;19.91;3464304
FR0000127771;24/04/14;20.025;20.16;19.935;20.125;3543477
FR0000127771;25/04/14;20.00;20.045;19.595;19.62;6422867
FR0000127771;28/04/14;19.725;19.79;19.295;19.435;6114073
FR0000127771;29/04/14;19.54;19.60;19.38;19.495;4764340
FR0000127771;30/04/14;19.45;19.485;19.325;19.34;5404143
FR0000127771;02/05/14;19.30;19.405;19.105;19.15;7034766
FR0000127771;05/05/14;19.145;19.28;18.97;19.23;5179579
FR0000127771;06/05/14;19.20;19.275;18.935;19.055;5276567
FR0000127771;07/05/14;19.055;19.205;19.01;19.10;4109895
FR0000127771;08/05/14;19.00;19.085;18.83;19.085;6477639
FR0000127771;09/05/14;19.085;19.12;18.88;18.935;4477429
FR0000127771;12/05/14;18.97;19.095;18.95;19.01;4214029
FR0000127771;13/05/14;19.02;19.055;18.89;18.945;4251557
FR0000127771;14/05/14;18.915;19.01;18.84;18.935;4104733
FR0000127771;15/05/14;19.185;19.25;18.72;18.76;6381661
FR0000127771;16/05/14;18.695;18.72;18.435;18.65;8222723
FR0000127771;19/05/14;18.65;18.985;18.515;18.90;7715434
FR0000127771;20/05/14;18.765;18.90;18.755;18.83;3323098
FR0000127771;21/05/14;18.775;19.03;18.74;18.975;4274850
FR0000127771;22/05/14;19.20;19.20;18.955;19.05;3817102
FR0000127771;23/05/14;19.07;19.125;18.93;19.03;2983181
FR0000127771;26/05/14;19.08;19.16;19.01;19.16;1796505
FR0000127771;27/05/14;19.135;19.26;19.12;19.18;2405865
FR0000127771;28/05/14;19.215;19.25;19.05;19.145;2918127
FR0000127771;29/05/14;19.12;19.295;19.10;19.285;3180657
FR0000127771;30/05/14;19.23;19.305;19.18;19.24;4460778
FR0000127771;02/06/14;19.29;19.44;19.245;19.405;4337804
FR0000127771;03/06/14;19.41;19.465;19.225;19.265;3730566
FR0000127771;04/06/14;19.225;19.355;19.10;19.30;2851796
FR0000127771;05/06/14;19.38;19.475;19.195;19.315;5409951
FR0000127771;06/06/14;19.39;19.40;19.22;19.24;5160353
FR0000127771;09/06/14;19.255;19.315;19.065;19.255;3041780
FR0000127771;10/06/14;19.24;19.265;19.125;19.265;4002474
FR0000127771;11/06/14;19.26;19.28;19.21;19.22;4000655
FR0000127771;12/06/14;19.10;19.27;19.07;19.20;3437180
FR0000127771;13/06/14;19.195;19.245;19.14;19.20;3023346
FR0000127771;16/06/14;19.11;19.21;19.095;19.15;3722690
FR0000127771;17/06/14;19.195;19.37;19.155;19.295;3639550
FR0000127771;18/06/14;19.30;19.32;19.215;19.25;3000475
FR0000127771;19/06/14;19.40;19.445;19.27;19.33;4576289
FR0000127771;20/06/14;19.33;19.395;19.055;19.055;7220172
FR0000127771;23/06/14;19.145;19.20;18.97;19.105;3356331
FR0000127771;24/06/14;19.175;19.255;19.065;19.185;3096180
FR0000127771;25/06/14;18.25;18.43;18.13;18.21;7237541
FR0000127771;26/06/14;18.31;18.315;18.065;18.22;5085643
FR0000127771;27/06/14;18.285;18.285;18.005;18.015;4993850
FR0000127771;30/06/14;18.005;18.14;17.85;17.87;5027750
FR0000127771;01/07/14;17.90;18.16;17.78;18.135;5568820
FR0000127771;02/07/14;18.15;18.18;17.915;17.95;4381194
FR0000127771;03/07/14;17.94;18.29;17.915;18.27;5530094
FR0000127771;04/07/14;18.295;18.325;18.135;18.15;2657297
FR0000127771;07/07/14;18.065;18.165;18.00;18.005;2954066
FR0000127771;08/07/14;18.005;18.075;17.67;17.67;4983551
FR0000127771;09/07/14;17.745;17.75;17.63;17.715;3530432
FR0000127771;10/07/14;17.69;17.735;17.36;17.395;5510803
FR0000127771;11/07/14;17.40;17.425;17.26;17.35;4206828
FR0000127771;14/07/14;17.335;17.48;17.295;17.475;3467629
FR0000127771;15/07/14;17.40;17.525;17.375;17.395;3769659
FR0000127771;16/07/14;17.48;17.75;17.465;17.655;4639234
FR0000127771;17/07/14;17.575;17.615;17.385;17.475;4121329
FR0000127771;18/07/14;17.44;17.63;17.35;17.63;3804125
FR0000127771;21/07/14;17.66;17.865;17.59;17.74;4764830
FR0000127771;22/07/14;17.85;18.125;17.755;18.12;5376983
FR0000127771;23/07/14;18.16;18.34;18.10;18.265;4639785
FR0000127771;24/07/14;18.255;18.525;18.205;18.515;5102481
FR0000127771;25/07/14;18.515;18.595;18.40;18.43;4793927
FR0000127771;28/07/14;18.50;18.67;18.405;18.67;5455883
FR0000127771;29/07/14;18.685;18.91;18.675;18.82;5749502
FR0000127771;30/07/14;18.82;19.115;18.74;18.975;8020412
FR0000127771;31/07/14;18.925;18.985;18.615;18.77;7238970
FR0000127771;01/08/14;18.66;18.75;18.49;18.675;7000952
FR0000127771;04/08/14;18.75;18.955;18.615;18.905;5429966
FR0000127771;05/08/14;19.465;19.73;19.40;19.59;11212104
FR0000127771;06/08/14;19.49;19.585;19.275;19.46;6329506
FR0000127771;07/08/14;19.475;19.745;19.20;19.285;7698008
FR0000127771;08/08/14;19.07;19.39;19.07;19.135;4563095
FR0000127771;11/08/14;19.24;19.30;19.10;19.135;4479729
FR0000127771;12/08/14;19.08;19.12;18.90;18.995;4419415
FR0000127771;13/08/14;19.10;19.175;18.98;19.155;3359086
FR0000127771;14/08/14;19.085;19.34;19.06;19.29;2953742
FR0000127771;15/08/14;19.32;19.575;19.15;19.19;4498460
FR0000127771;18/08/14;19.455;19.525;19.34;19.405;2587906
FR0000127771;19/08/14;19.465;19.54;19.405;19.53;2739902
FR0000127771;20/08/14;19.45;19.46;19.24;19.40;2865898
FR0000127771;21/08/14;19.39;19.61;19.275;19.61;3241855
FR0000127771;22/08/14;19.62;19.62;19.345;19.485;2811933
FR0000127771;25/08/14;19.705;19.795;19.565;19.795;2932315
FR0000127771;26/08/14;19.67;19.95;19.625;19.945;3688799
FR0000127771;27/08/14;19.955;20.29;19.94;20.19;5243699
FR0000127771;28/08/14;20.21;20.25;19.91;20.20;5102290
FR0000127771;29/08/14;20.13;20.175;19.665;19.795;6222155
FR0000127771;01/09/14;19.795;19.925;19.705;19.925;3569378
FR0000127771;02/09/14;19.94;20.02;19.895;19.91;3858383
FR0000127771;03/09/14;19.93;19.97;19.63;19.655;6106002
FR0000127771;04/09/14;19.62;19.865;19.46;19.705;8305435
FR0000127771;05/09/14;19.665;19.71;19.565;19.61;3522221
FR0000127771;08/09/14;19.485;19.72;19.46;19.59;3928394
FR0000127771;09/09/14;19.485;19.655;19.365;19.41;4273903
FR0000127771;10/09/14;19.33;19.515;19.23;19.46;3853580
FR0000127771;11/09/14;19.46;19.525;19.30;19.43;3746362
FR0000127771;12/09/14;19.435;19.455;19.245;19.33;3961723
FR0000127771;15/09/14;19.29;19.38;19.24;19.33;2380920
FR0000127771;16/09/14;19.355;19.37;19.14;19.33;3170249
FR0000127771;17/09/14;19.43;19.49;19.295;19.375;3085418
FR0000127771;18/09/14;19.46;19.59;19.39;19.47;2980589
FR0000127771;19/09/14;19.655;19.695;19.45;19.45;6366976
FR0000127771;22/09/14;19.435;19.605;19.37;19.455;2677729
FR0000127771;23/09/14;19.475;19.475;19.17;19.215;3797164
FR0000127771;24/09/14;19.285;19.43;19.18;19.37;4121437
FR0000127771;25/09/14;19.33;19.385;18.99;19.03;5208067
FR0000127771;26/09/14;19.055;19.22;18.98;19.14;4516273
FR0000127771;29/09/14;19.165;19.28;18.945;19.04;3618300
FR0000127771;30/09/14;19.13;19.24;18.98;19.12;4373950
FR0000127771;01/10/14;19.075;19.16;18.67;18.72;6644295
FR0000127771;02/10/14;18.68;18.75;18.495;18.535;7595245
FR0000127771;03/10/14;18.655;18.755;18.595;18.675;3158257
FR0000127771;06/10/14;18.825;18.975;18.645;18.88;4287557
FR0000127771;07/10/14;18.83;18.86;18.52;18.57;5762934
FR0000127771;08/10/14;18.53;18.61;18.41;18.45;5298291
FR0000127771;09/10/14;18.70;18.73;18.205;18.255;6133705
FR0000127771;10/10/14;18.15;18.315;18.10;18.15;5535933
FR0000127771;13/10/14;18.045;18.15;17.99;18.07;3971790
FR0000127771;14/10/14;18.005;18.075;17.88;17.985;5905021
FR0000127771;15/10/14;17.93;17.935;17.595;17.595;11447447
FR0000127771;16/10/14;17.80;17.92;17.32;17.70;11793275
FR0000127771;17/10/14;17.72;18.085;17.72;18.045;10131965
FR0000127771;20/10/14;18.02;18.135;17.88;18.00;4208992
FR0000127771;21/10/14;17.945;18.375;17.91;18.365;6381438
FR0000127771;22/10/14;18.345;18.44;18.285;18.43;3802513
FR0000127771;23/10/14;18.38;18.725;18.33;18.685;5425976
FR0000127771;24/10/14;18.66;18.79;18.52;18.645;4300957
FR0000127771;27/10/14;18.785;18.785;18.51;18.655;3833905
FR0000127771;28/10/14;18.85;19.025;18.82;18.99;6224398
FR0000127771;29/10/14;19.075;19.135;19.00;19.025;3048656
FR0000127771;30/10/14;19.095;19.205;18.775;19.12;4031160
FR0000127771;31/10/14;19.365;19.52;19.325;19.475;6610487
FR0000127771;03/11/14;19.425;19.52;19.36;19.37;4500130
FR0000127771;04/11/14;19.40;19.545;19.235;19.30;4636096
FR0000127771;05/11/14;19.41;19.615;19.39;19.605;5006971
FR0000127771;06/11/14;19.55;19.945;19.53;19.755;6558714
FR0000127771;07/11/14;19.745;19.785;19.515;19.625;6200122
FR0000127771;10/11/14;19.60;19.775;19.585;19.75;4237669
FR0000127771;11/11/14;19.77;19.90;19.77;19.875;3287110
FR0000127771;12/11/14;19.90;20.045;19.725;19.755;5412377
FR0000127771;13/11/14;19.885;19.995;19.735;19.775;4447423
FR0000127771;14/11/14;19.91;19.975;19.78;19.845;2809907
FR0000127771;17/11/14;19.71;20.035;19.71;20.00;4324621
FR0000127771;18/11/14;19.98;20.085;19.665;19.72;7258960
FR0000127771;19/11/14;19.705;19.90;19.685;19.78;2880490
FR0000127771;20/11/14;19.82;19.955;19.705;19.915;4077183
FR0000127771;21/11/14;19.92;20.25;19.91;20.215;7686836
FR0000127771;24/11/14;20.22;20.30;20.13;20.17;4734188
FR0000127771;25/11/14;20.14;20.245;20.05;20.11;4792786
FR0000127771;26/11/14;20.095;20.255;20.085;20.155;2994660
FR0000127771;27/11/14;20.195;20.34;20.165;20.33;3349495
FR0000127771;28/11/14;20.38;20.50;20.31;20.48;4731714
FR0000127771;01/12/14;20.41;20.725;20.32;20.59;3822007
FR0000127771;02/12/14;20.69;20.70;20.43;20.575;3840628
FR0000127771;03/12/14;20.605;20.66;20.485;20.565;2225210
FR0000127771;04/12/14;20.63;20.785;20.355;20.40;5499156
FR0000127771;05/12/14;20.645;20.77;20.57;20.735;4804383
FR0000127771;08/12/14;20.625;20.785;20.625;20.68;1952382
FR0000127771;09/12/14;20.50;20.525;20.205;20.285;6216085
FR0000127771;10/12/14;20.38;20.45;20.22;20.26;2941799
FR0000127771;11/12/14;20.30;20.41;20.205;20.285;3532607
FR0000127771;12/12/14;20.15;20.21;19.875;19.91;5484842
FR0000127771;15/12/14;19.875;19.91;19.455;19.515;6382301
FR0000127771;16/12/14;19.55;19.615;19.045;19.595;12651283
FR0000127771;17/12/14;19.42;19.75;19.355;19.65;4706663
FR0000127771;18/12/14;19.93;20.17;19.825;20.17;6783238
FR0000127771;19/12/14;20.345;20.365;20.085;20.24;8791866
FR0000127771;22/12/14;20.26;20.525;20.255;20.455;3819146
FR0000127771;23/12/14;20.55;20.80;20.50;20.80;3507387
FR0000127771;24/12/14;20.795;20.85;20.745;20.79;796221
FR0000127771;29/12/14;20.705;20.86;20.63;20.83;3668598
FR0000127771;30/12/14;20.79;20.815;20.645;20.645;2403460
FR0000127771;31/12/14;20.75;20.78;20.63;20.69;819050
FR0000127771;02/01/15;20.83;20.90;20.475;20.555;3073138
FR0000127771;05/01/15;20.415;20.685;20.105;20.135;6215784
FR0000127771;06/01/15;20.125;20.19;19.785;19.80;7089694
FR0000127771;07/01/15;19.875;19.955;19.73;19.84;4365051
FR0000127771;08/01/15;20.025;20.355;19.965;20.30;5124585
FR0000127771;09/01/15;20.255;20.41;20.135;20.245;5302359
FR0000127771;12/01/15;20.34;20.66;20.20;20.365;6235348
FR0000127771;13/01/15;20.27;20.705;20.27;20.58;5034757
FR0000127771;14/01/15;20.37;20.75;20.33;20.43;4505862
FR0000127771;15/01/15;20.53;20.69;19.95;20.62;6763342
FR0000127771;16/01/15;20.47;20.735;20.46;20.64;5103184
FR0000127771;19/01/15;20.60;20.755;20.50;20.57;4306708
FR0000127771;20/01/15;20.62;20.77;20.62;20.735;4828126
FR0000127771;21/01/15;20.735;20.765;20.28;20.65;7863161
FR0000127771;22/01/15;20.65;20.85;20.505;20.815;8044586
FR0000127771;23/01/15;20.89;21.315;20.87;21.14;11213045
FR0000127771;26/01/15;21.13;21.255;21.095;21.23;4959397
FR0000127771;27/01/15;21.185;21.25;21.005;21.22;4280539
FR0000127771;28/01/15;21.35;21.43;21.005;21.16;4491450
FR0000127771;29/01/15;20.94;21.24;20.905;21.155;4121099
FR0000127771;30/01/15;21.16;21.255;20.945;21.035;5103752
FR0000127771;02/02/15;20.96;21.10;20.71;21.01;4613790
FR0000127771;03/02/15;21.105;21.25;21.03;21.13;3727913
FR0000127771;04/02/15;21.095;21.155;20.895;21.00;3768999
FR0000127771;05/02/15;20.87;20.985;20.785;20.865;3822805
FR0000127771;06/02/15;20.855;20.885;20.68;20.815;4833406
FR0000127771;09/02/15;20.59;20.65;20.36;20.495;4152398
FR0000127771;10/02/15;20.51;20.695;20.335;20.645;5707277
FR0000127771;11/02/15;20.665;20.78;20.575;20.74;3427794
FR0000127771;12/02/15;20.755;20.94;20.705;20.805;3856748
FR0000127771;13/02/15;20.85;20.895;20.66;20.715;3611971
FR0000127771;16/02/15;20.745;20.81;20.63;20.68;1884296
FR0000127771;17/02/15;20.55;20.83;20.45;20.815;3527981
FR0000127771;18/02/15;21.00;21.175;20.855;20.945;4769856
FR0000127771;19/02/15;20.82;21.345;20.82;21.315;4717347
FR0000127771;20/02/15;21.25;21.30;20.98;21.15;6685443
FR0000127771;23/02/15;21.28;21.42;21.175;21.39;4896464
FR0000127771;24/02/15;21.43;21.585;21.41;21.56;5211432
FR0000127771;25/02/15;21.495;21.59;21.445;21.56;4421719
FR0000127771;26/02/15;21.56;21.775;21.515;21.775;4530168
FR0000127771;27/02/15;21.74;21.865;21.61;21.815;4964017
FR0000127771;02/03/15;20.605;20.985;20.32;20.74;15365286
FR0000127771;03/03/15;21.00;21.405;20.82;21.035;11764554
FR0000127771;04/03/15;21.14;21.50;20.96;21.405;10622421
FR0000127771;05/03/15;21.53;21.66;21.33;21.615;6895143
FR0000127771;06/03/15;21.565;21.77;21.51;21.56;4901179
